11.1695 6.03051 0.984705 -0.0742383 
10.3593 13.2462 0.99414 0.0106615 
11.7983 3.60166 0.99149 0.0477527 
6.62352 9.03541 1.0054 0.00324761 
1.40334 1.13438 0.996695 0.0083926 
4.60422 8.72105 1.013 -0.0156082 
6.73251 0.498446 1.0194 0.048501 
10.4317 3.69444 0.977921 -0.00845234 
9.41983 7.14068 0.976713 -0.0106961 
1.71584 10.4926 1.00081 0.00349668 
6.61143 13.2188 1.00261 0.0448508 
1.18892 5.59072 1.00136 0.0121116 
5.52275 6.86499 0.995549 -0.0346946 
2.09167 14.5209 0.987536 0.0144131 
1.68609 5.05991 0.970847 0.0574053 
13.3681 14.5238 1.01636 0.0476952 
6.77204 7.38121 0.988635 0.0492982 
4.01982 12.6595 1.00759 0.024291 
12.4254 9.13067 1.00694 0.00209692 
8.11971 13.1829 0.998197 0.0451601 
0.861531 6.79337 1.00811 -0.0293952 
13.5617 1.13812 0.99025 0.0201188 
7.72175 3.03061 1.00195 0.0833142 
6.23991 13.8665 0.994589 0.0337412 
3.09842 11.0027 0.99482 0.011309 
6.84035 3.8437 1.02243 0.0718539 
13.2053 1.82803 0.993794 0.0571628 
11.9412 5.0017 0.996455 -0.0697609 
5.99068 1.97953 1.01889 0.0293469 
7.31712 7.91656 0.999691 -0.000353192 
4.38516 10.8188 0.977069 0.00199334 
8.17203 1.74007 0.999069 0.0292128 
7.24767 9.4773 1.00297 -0.00821258 
12.2477 13.8824 0.995548 0.0199203 
3.21019 11.755 0.990726 0.00996662 
2.14755 2.43359 1.00688 0.0543469 
11.1148 14.5317 1.00011 0.011813 
1.41416 2.44768 1.00273 0.0573996 
2.6812 4.4018 0.992223 0.015525 
0.216197 13.6106 0.995274 0.00769958 
6.99415 13.8633 1.00219 0.0225077 
9.24855 12.542 1.00838 -0.00654439 
12.3783 11.3293 0.988221 0.0220762 
10.0976 4.30944 1.06107 0.0293 
4.98286 3.00091 1.00043 -0.0066944 
11.7338 2.94239 1.00784 0.0390815 
5.36185 9.79102 1.00788 0.0100322 
5.69815 1.08407 0.997244 0.0161632 
0.328517 0.476853 0.997362 0.00475801 
3.18671 0.48172 1.00603 0.0504685 
13.1866 4.2024 1.00739 -0.000391056 
4.60072 0.465546 0.995683 -0.00914853 
11.0492 3.15859 1.02991 -0.0325624 
7.47581 7.13454 1.00314 0.0301973 
6.61816 9.82171 1.0073 -0.00237294 
10.6602 4.75412 1.01367 -0.0311204 
13.8069 9.14935 1.0007 -0.0339345 
7.44046 0.466712 1.02531 -0.0122072 
7.6532 6.38591 0.991082 0.0503263 
5.30265 9.05803 1.00297 -0.006955 
10.5349 8.70054 1.02171 0.00698268 
1.19053 11.7344 1.00564 0.0272596 
13.0062 12.5862 1.00516 -0.0336269 
2.27625 9.99713 0.997757 0.00362112 
9.74626 11.2773 1.00123 0.0122976 
4.38272 13.2411 0.984592 -0.00443976 
13.0784 7.9791 0.995513 -0.0608499 
7.74986 13.8529 0.993134 0.00850045 
12.5876 4.61973 1.01968 -0.0212747 
4.18999 7.2935 1.01991 -0.0178702 
11.1237 13.247 0.988312 0.00698451 
13.9148 1.76845 1.00753 0.0335682 
2.47584 0.480797 0.993939 -0.00770579 
13.8452 6.86179 0.997682 -0.0292834 
8.95135 11.7581 1.00737 -0.0253434 
0.721584 8.75881 0.991664 -0.0347528 
4.02339 9.20358 1.0007 0.00110954 
11.1068 10.6224 0.990673 -0.0208916 
11.7902 10.2721 1.00274 -0.0132167 
9.23858 8.60986 0.99969 -0.0226744 
3.57219 13.22 1.00427 -0.00696488 
13.796 10.6319 1.01189 -0.0638182 
5.86892 11.0737 0.953554 0.0327967 
9.64822 3.06375 1.04368 0.0567171 
3.8944 0.474938 0.993373 0.00113762 
7.31325 11.8846 1.00991 0.0424827 
3.22084 13.8406 0.992762 0.00196263 
5.29809 7.60479 0.987334 -0.0125584 
10.3908 11.8193 1.02052 -0.00206569 
8.52357 1.12504 1.01365 0.0415242 
11.2477 5.3082 1.007 -0.0661191 
5.8414 13.214 0.996981 -0.0032743 
12.8469 2.50046 1.01972 0.074814 
9.84649 5.76968 0.993976 -0.0459702 
8.69801 4.73457 1.01351 -0.0562868 
10.3009 1.76208 0.997263 0.0129627 
7.25379 8.6873 1.01107 -0.00955165 
3.98232 13.858 0.990019 0.0139451 
1.04456 1.79297 1.01454 -0.00439018 
0.481104 11.4992 0.995989 0.013597 
8.16136 0.468837 1.00494 0.0266967 
11.3997 1.10367 1.01806 -0.0131396 
5.96371 8.71069 1.00942 -0.0652712 
6.60786 12.0181 1.00742 0.0257519 
9.97987 13.8805 0.993647 0.0102695 
7.79763 1.11531 0.986864 0.0491914 
8.13947 4.20781 1.00356 0.0629791 
4.95648 6.35567 0.99215 -0.0303147 
8.88055 0.470198 1.00948 -0.00163026 
13.8625 5.38515 1.01859 -0.0581301 
8.46934 11.1745 0.989699 0.0502714 
0.951498 13.7722 0.994312 -0.00820914 
6.0535 7.3615 0.984941 -0.0411003 
11.1029 12.0257 1.00772 -0.0339225 
8.48687 13.8526 1.0007 0.0092277 
13.3776 13.2331 0.996316 0.00279695 
9.75584 6.52036 1.01056 -0.0300397 
8.56569 8.91075 1.02135 0.0234287 
11.7938 9.50874 1.01326 0.0573179 
7.17541 11.0218 0.982161 0.0233055 
5.2751 4.92694 1.01685 -0.0280334 
2.50989 13.8985 0.979347 0.0140518 
10.3584 14.5255 0.986932 0.0176617 
10.3424 3.0159 1.02439 -0.00649731 
3.55835 1.1504 1.00813 0.0488035 
7.37174 14.5151 0.996558 0.0565376 
5.41675 4.18973 1.02335 0.0112515 
6.0439 0.465441 1.01278 -0.00848365 
5.47467 12.5281 0.987535 0.0411449 
13.0743 7.19323 1.01085 -0.0470045 
2.14039 13.3178 1.00452 0.0567231 
6.45815 2.56182 1.01229 0.0304926 
2.52316 3.07694 0.983446 0.0556472 
9.26388 5.24531 1.01371 -0.0223971 
0.681427 1.1522 0.995296 -0.00132932 
13.9274 0.472002 0.993186 -0.0371671 
7.41412 4.42261 1.01113 0.0650728 
13.2085 0.472769 0.999294 -0.0281299 
7.92891 8.41648 1.00877 -0.0201839 
2.60982 5.99282 1.05558 0.0655146 
3.70618 2.51008 0.994743 0.0856517 
13.6583 8.43218 1.00043 -0.0499365 
10.6671 1.1012 0.990513 -0.0256196 
9.87441 9.05222 0.995762 0.00260907 
0.128693 6.58679 1.01679 0.0189477 
3.02872 7.44794 1.01733 0.0474061 
3.67091 10.5192 0.990419 0.0112232 
4.5514 7.93208 1.02274 0.0149645 
1.769 1.78546 0.99773 0.0637411 
6.55125 10.6103 0.973863 0.0168576 
0.945628 4.91972 0.95042 0.0348995 
12.4633 9.87597 1.0117 0.00824637 
10.4375 11.0101 0.997765 -0.0663288 
2.51566 11.5032 0.999068 0.0108155 
13.6753 7.55151 0.994928 -0.0399351 
4.7514 13.8633 0.993017 0.0233255 
12.4464 3.10784 0.990117 0.0564392 
4.36622 14.5136 0.989764 0.0229282 
3.14304 5.5885 1.00652 -0.000800752 
11.1203 6.7769 0.981993 -0.0756744 
0.351443 3.10963 1.04393 -0.00501636 
8.90122 6.66619 1.02432 -0.0310354 
9.29833 7.86893 1.00228 -0.0607188 
3.65419 3.54262 1.0121 0.0456965 
8.53455 12.5433 1.0296 0.0525428 
3.92756 8.44202 1.02195 0.0365343 
3.69446 7.75914 1.04646 0.0227906 
3.61107 14.51 0.985438 0.00165462 
6.62412 8.20637 1.01338 0.0552361 
8.28468 3.47756 1.01782 0.0974047 
6.37031 1.21759 0.990164 0.0213169 
4.43209 2.47015 0.997011 0.0265997 
10.0183 12.5656 1.00209 -0.00351517 
1.5006 3.70302 0.990782 0.0635815 
3.7984 11.2612 0.995193 -6.69822e-05 
10.562 7.92451 1.0108 -0.0350868 
8.61404 8.15968 1.00995 0.000881178 
6.24261 6.67923 0.976535 0.0108913 
1.02925 10.2668 0.993583 0.0163128 
11.8685 14.5343 0.991336 0.00608237 
9.96305 5.0374 1.00539 -0.0340911 
6.71089 1.84995 1.04708 0.0203122 
13.1329 9.52742 1.00351 0.021902 
7.16673 2.44905 1.03696 0.0578055 
12.4874 0.464917 1.00294 -0.0342716 
8.54062 9.66894 1.01565 0.0122758 
5.17177 2.32988 1.00029 0.011694 
7.21161 10.2643 0.989627 0.00971774 
12.2344 12.5574 0.983814 0.0155177 
4.83488 7.07251 1.01014 -0.00790437 
6.62079 14.5214 0.999176 0.0212588 
6.20637 12.5914 1.01291 0.0311424 
8.84643 1.86188 0.975084 0.0354934 
4.37521 5.86188 0.998634 0.0111912 
6.54126 11.3327 0.969155 0.0281207 
11.3409 4.58797 0.983747 -0.0214286 
0.320245 1.79744 0.998869 0.0202226 
1.9333 5.7414 1.05973 -0.00529887 
7.43566 1.76371 1.018 0.0627555 
9.8441 9.80305 1.01205 -0.0289805 
2.7996 9.48171 0.991962 -0.00248028 
5.22092 8.33088 1.03439 0.00220261 
7.25918 5.14177 1.02193 0.0444258 
5.1217 14.5256 0.985216 0.0155886 
6.39686 5.96982 0.983755 0.00657521 
2.97028 10.2506 0.98994 -0.00990475 
11.8748 5.72407 1.00053 -0.0653143 
8.96739 3.26213 1.03721 0.0319014 
1.12985 11.0047 0.996187 0.0109842 
8.36727 6.17788 1.00137 -0.00988006 
4.72409 4.4479 1.02139 0.0126079 
2.10691 6.49403 1.0082 0.0103853 
10.7382 13.8951 0.995689 0.00445749 
11.7842 7.92751 1.00938 -0.0283536 
1.04042 0.47926 1.00106 0.0128993 
12.4563 10.6206 1.02298 0.00318394 
9.23519 13.8698 0.992859 0.0238171 
11.7462 11.0205 1.00096 0.00464728 
0.533475 8.02671 1.00516 -0.0414665 
11.4973 13.888 0.998102 0.0272901 
10.551 5.50727 0.995136 -0.0200354 
3.43529 4.2269 1.01533 0.0126988 
11.5125 12.603 1.00504 -0.00230524 
3.82931 5.39944 0.997057 0.0388501 
2.45598 5.13111 1.00259 0.0515003 
1.30219 12.4635 0.990436 0.0189158 
3.23603 3.02355 0.94285 0.0611883 
6.54363 5.26168 1.0088 -0.00168427 
13.2056 5.74688 1.01056 -0.0788402 
12.5653 5.37891 0.97032 -0.0521991 
5.7503 2.73797 1.0014 0.0223945 
9.802 10.5514 0.992145 -0.00717833 
8.18069 6.91603 1.02875 0.0261379 
5.97906 4.71789 1.01825 -0.0112263 
13.0534 8.78616 1.00309 -0.0360825 
5.48184 13.8579 1.00125 0.0181978 
1.42359 8.99055 0.978015 0.00396717 
7.07702 1.14099 1.01666 0.0182521 
6.28372 3.2752 1.02977 0.00164987 
4.50083 11.5986 0.988879 0.0200792 
11.1217 3.91503 0.972872 -0.0371161 
11.8807 13.2424 0.98737 0.0132336 
8.49392 2.68342 1.01854 0.105459 
2.40562 10.7512 0.997676 0.00832109 
0.196878 9.28591 0.996357 -0.0127659 
12.1288 1.11246 1.00432 0.00677785 
0.729767 3.79945 0.990609 -0.00414737 
9.61056 14.5263 0.982463 0.0455517 
1.81109 3.07433 0.999372 0.0689422 
11.3721 2.36314 1.01411 0.0471413 
9.22529 1.14888 1.00818 0.0644475 
11.0254 1.73476 1.00991 -0.0367454 
7.82385 5.65491 1.00093 0.0319848 
9.9399 1.12234 0.978996 -0.0145227 
3.91059 11.9813 0.98382 -0.0291354 
9.39842 4.49767 1.00891 0.000848188 
4.55506 5.15596 1.00666 0.0199261 
10.4613 6.26715 0.991055 -0.00997283 
2.50299 1.78467 0.988893 0.0716984 
13.7795 11.3392 1.00079 -0.0494828 
2.92965 3.70052 0.987128 0.00903166 
3.95648 1.8263 0.998953 0.0803468 
10.4726 10.239 1.01459 -0.039028 
12.4382 7.57908 1.01146 -0.0666897 
5.90591 8.0264 1.02595 -0.0305308 
13.1277 10.312 0.995573 -0.0186996 
4.69932 12.4211 1.01292 0.0131427 
1.30838 14.509 0.984428 0.0145589 
12.5219 6.10891 0.986482 -0.0204983 
2.63073 12.2586 0.992585 0.0342959 
9.93958 2.39817 1.02076 0.0453411 
5.98766 9.43159 1.00844 -0.0113836 
13.8368 4.61768 0.994791 -0.0182288 
5.09762 13.16 0.999421 0.0510609 
7.86824 9.9262 0.998825 -0.0354285 
9.17895 10.1163 1.00045 -0.0183487 
12.4316 8.34037 0.997758 -0.0334279 
1.3958 6.27948 1.01237 -0.0208224 
1.75976 0.474173 1.00707 0.0417699 
2.48527 7.95037 0.986004 0.0300206 
0.595618 12.2459 1.00423 0.0293356 
9.61093 13.2082 1.00649 0.00839781 
5.37156 1.67954 0.994566 0.022496 
3.31021 12.4997 0.995356 0.00291567 
1.78435 7.71186 0.988164 -0.00424942 
2.2189 3.75498 0.972297 0.027919 
1.23227 4.32715 1.00509 0.0310768 
4.69413 9.47951 1.00623 -0.0048915 
5.32125 0.449549 1.02061 -0.0159817 
1.90376 11.9474 1.00179 0.0291291 
7.98333 4.9455 1.02851 0.0826233 
8.01926 7.66798 0.989588 -0.0437844 
3.47497 9.71964 1.00415 -0.00671026 
4.77999 10.2364 1.01793 0.0145414 
12.4526 6.82839 0.991717 -0.0462375 
5.56658 3.46252 1.01606 0.0458145 
9.97015 7.55527 1.01243 -0.0481577 
13.7471 13.8697 1.00614 -0.0348771 
6.12557 3.98822 1.01928 -0.0143219 
12.6478 11.9584 0.988107 -0.0153905 
4.84474 3.69683 1.01534 0.00396296 
7.01026 12.5974 1.001 0.0457421 
9.13128 5.97659 1.00453 -0.0230847 
4.66186 1.7744 1.00455 0.0188089 
6.69388 4.5525 1.01115 0.0365236 
8.2095 11.9177 1.0175 0.04332 
12.5024 1.76163 0.995242 0.0177732 
7.10736 5.85735 0.990297 0.0410463 
4.13543 9.97577 1.01015 -0.00979069 
9.56145 1.80231 0.97619 0.0430174 
12.5773 3.81447 1.01334 -0.00627831 
11.0347 0.458584 0.990331 -0.0189109 
11.829 11.8567 1.00612 -0.0319929 
4.18124 3.98607 1.01268 0.0153931 
13.179 6.48298 0.998216 -0.0285972 
10.5062 9.46529 1.00096 -0.00639675 
8.8605 14.5228 0.99362 0.0410979 
11.1607 9.10554 1.01483 -0.00854856 
8.11682 14.5189 0.994546 0.0240778 
0.89355 9.51232 0.992955 -0.0361132 
4.26029 1.14245 0.994873 0.0219484 
9.2018 9.35326 1.01583 0.00383992 
8.85639 3.99342 1.01894 0.00891199 
11.1323 7.50832 0.988569 -0.062184 
8.86846 13.2122 1.01583 0.00406316 
13.8016 9.89351 0.984432 -0.0706618 
11.1399 9.87172 1.01445 0.0139559 
3.58605 6.1777 0.934028 0.0485449 
1.58945 6.99696 1.00771 -0.0138567 
7.56511 3.72683 1.00949 0.0987693 
12.6196 14.5247 1.01124 0.0303416 
13.5516 2.47862 1.01795 0.0343495 
3.98281 4.69225 1.01178 0.0129958 
3.22095 4.90214 1.00976 -0.0191902 
7.873 2.35563 1.04245 0.0928151 
2.84922 1.14667 0.993531 -0.0181862 
13.2152 5.00413 0.993154 -0.0996623 
11.0995 11.3479 0.998295 0.0113521 
13.7756 3.82961 0.990744 -0.00421189 
1.69939 13.8928 0.993298 0.00904209 
11.7672 1.75099 1.00376 0.00375726 
1.05824 7.51222 1.00504 -0.0182083 
4.23755 6.5682 0.980297 -0.0015056 
5.6787 6.14726 0.988705 -0.0509522 
1.95887 4.42451 0.996974 0.0223085 
2.02912 12.6474 0.994508 0.0128926 
3.34488 8.95627 0.998979 0.00623933 
10.6789 2.39822 0.999099 0.00087503 
2.88339 6.66953 0.989143 0.027676 
2.10959 9.23554 0.990915 -0.00839515 
4.96866 1.09177 0.992272 -0.00931954 
9.91069 8.30505 1.00723 -0.0179738 
9.59214 0.475142 1.00213 -0.0102084 
1.9535 8.46307 0.97019 -0.0181753 
7.00389 3.14724 1.01075 0.0440321 
12.6179 13.2221 1.0165 0.0410621 
5.90235 11.8398 1.0043 0.0639117 
1.42577 13.1827 0.998538 0.0259937 
2.81385 13.0766 0.990048 0.039049 
5.08537 11.15 0.958593 -0.0182999 
11.173 8.32148 1.02742 -0.0143418 
13.1872 3.26758 0.991957 -0.0013214 
4.2486 3.17368 1.00488 0.0709189 
12.9932 13.8652 1.01631 -0.0528195 
11.7902 7.18084 0.991329 -0.0366374 
0.572634 14.4214 0.993676 -0.00373894 
9.12632 10.892 0.992678 -0.0173534 
5.82947 5.43446 1.00487 -0.0209875 
8.55233 5.46381 1.00417 -0.0618852 
2.88083 2.42105 1.00351 -0.0131267 
9.59949 3.77056 1.01898 0.104192 
0.658856 6.08225 0.985508 -0.0347532 
9.19362 2.4947 1.00467 0.0584639 
13.9179 3.09364 1.00156 0.0166645 
0.714187 13.0128 0.998547 0.00715639 
8.72226 7.40789 0.985125 -0.0398539 
3.24461 1.81799 0.987242 0.0339398 
1.58237 9.75414 0.995374 -0.0217339 
7.84628 10.6589 0.977781 -0.00971042 
2.86642 14.5341 1.00608 0.0357796 
11.813 6.45368 0.970342 -0.0267474 
3.56342 6.92817 0.966808 0.0629684 
5.87082 14.5121 0.99019 0.0228793 
12.855 1.12862 0.998257 -0.0056422 
2.63792 8.72903 0.991827 0.0104676 
5.99578 10.1842 1.00437 0.00885033 
11.7974 8.71968 1.00886 -0.00120627 
1.81891 11.2278 0.994959 -0.000611275 
0.687711 2.45831 1.03541 0.00403258 
12.1429 2.37752 1.02108 0.0501659 
7.75471 12.5101 1.01005 0.0382504 
13.3711 11.92 0.989871 -0.0851119 
1.25156 8.23654 1.00151 -0.0324328 
7.89735 9.17034 1.00388 -0.0374484 
2.12411 1.13993 1.00894 0.0398896 
11.7617 0.466555 1.00256 -0.0366276 
5.40248 10.5356 1.01538 0.0103059 
3.16856 8.23438 1.0098 -0.00339185 
13.7549 12.567 1.00474 -0.0298065 
13.0838 11.1209 0.99216 -0.0274768 
10.7305 12.6154 0.997374 -0.0158214 
11.9672 4.26137 1.01334 0.0156972 
2.33124 7.19426 1.01743 0.0569538 
6.94861 6.60484 0.967445 0.0264327 
1.07274 3.10807 1.02853 0.0538186 
7.38131 13.2152 0.999912 0.0090493 
8.52102 10.4235 1.00124 0.030455 
13.8581 6.12949 1.01437 -0.0386851 
5.11071 5.64249 1.00005 -0.0111743 
5.18824 11.8603 1.00934 0.00360647 
10.4255 7.01597 0.97973 -0.0483204 
10.3101 0.464157 1.00174 0.0176901 
9.65578 11.9536 1.0081 0.00196582 
7.78439 11.3698 0.995049 0.0132255 
0.451897 10.7816 0.999288 0.00557422 
0.437178 5.36401 0.979921 -0.0146512 
0.361835 4.46568 1.00687 -0.0300736 
0.351501 10.0353 0.988022 0.00627813 
0.329403 7.30616 0.992423 -0.0075909 
0.0319049 12.7526 0.990053 -0.0100464 
0.010239 3.76579 0.966457 -0.0131115 
0.00884415 8.54653 1.00243 -0.0047221 
23.9945 14.5162 1.00803 -0.00828381 
25.6212 7.28807 1.00133 -0.0727313 
19.1625 9.13867 0.99332 -0.015572 
24.078 8.98083 0.999098 -0.0498869 
22.3646 5.25996 0.984367 -0.00598169 
18.3125 12.5808 1.01252 -0.0703812 
16.5856 6.86292 1.02069 -0.0762813 
15.1596 4.64043 1.02497 -0.0875489 
27.1494 10.3061 1.00393 -0.0366822 
21.8441 3.12617 0.979387 -0.0262097 
16.5833 7.61911 1.0154 -0.0448173 
15.0156 1.1128 1.00414 0.0380097 
21.1068 10.416 0.989414 -0.00820279 
18.3021 1.72588 0.984971 0.0254701 
26.9654 9.58783 0.990909 -0.00801533 
18.1864 4.93477 0.97466 -0.0616685 
18.3086 0.460067 1.00254 -0.0063345 
16.8445 1.76399 1.00435 0.052922 
22.4441 14.5348 1.01724 -0.0197851 
21.6901 11.8803 1.01011 -0.0394706 
26.0135 3.22207 0.911922 0.0575015 
19.4686 11.9256 0.984609 -0.0659344 
26.1895 0.49945 1.00242 0.0212037 
17.1689 13.2341 0.992621 -0.015512 
17.541 13.8797 0.999153 -0.0303023 
27.2872 8.33747 0.992224 -0.0275575 
27.0577 4.97197 1.00345 -0.0637416 
26.3489 14.505 0.988898 0.00037027 
16.4828 9.87272 1.00114 -0.0663604 
26.6786 6.21051 1.02562 -0.0347076 
27.6118 0.481093 0.992561 0.0397608 
19.7651 10.303 1.00473 -0.00658845 
19.9408 7.31183 1.00214 -0.0532001 
15.1415 9.14191 1.00841 -0.0516508 
22.7588 3.97796 0.998266 -0.0198504 
15.9363 8.77677 0.987739 -0.0479078 
14.456 3.62205 0.981198 -0.0142093 
15.8133 4.31506 1.03542 -0.0339811 
18.5696 7.26481 1.01575 -0.0644259 
14.6647 2.97713 1.00464 0.0374822 
17.9193 13.2217 1.00749 -0.00859465 
20.4736 4.52588 0.976731 -0.0139788 
21.329 7.15156 1.00151 -0.0386039 
26.5282 1.16533 1.00328 0.0567848 
25.613 11.2842 0.991142 0.0143875 
23.9768 6.25545 0.98204 -0.0973951 
25.4254 3.83652 0.991126 -0.0126362 
15.8149 9.4974 0.995841 -0.0524721 
22.8799 11.3568 0.989738 -0.0147343 
23.105 10.1007 1.00577 -0.0119961 
20.5035 1.75495 1.01559 0.0400672 
20.5521 6.16969 0.984439 -0.0478789 
27.8967 11.9705 1.00672 0.0325607 
27.2391 1.13599 0.991116 0.0278117 
20.1248 2.39592 1.00899 0.0424195 
22.3279 1.18037 0.984455 -0.013168 
16.0124 12.5801 0.988971 -0.0756002 
18.2981 13.8735 0.999738 -0.0185113 
24.3264 4.98632 0.993867 -0.0181158 
20.5145 0.474445 0.984269 0.00837404 
19.2358 4.29478 0.995791 -0.0330524 
19.7699 4.78424 0.976245 -0.028837 
15.1265 9.87642 0.997088 -0.0694974 
20.0063 3.96572 0.989155 -0.0231072 
26.7642 8.8786 0.999871 0.017602 
24.8135 9.13016 0.991413 -0.0392126 
20.8835 1.11636 0.992163 -0.0216574 
14.2866 1.12564 0.996009 0.00622628 
18.6667 11.8816 0.993448 -0.0651584 
27.0972 14.5134 1.00076 -0.0124643 
27.2873 3.72138 0.95978 0.0362998 
19.4064 5.42397 0.971875 -0.031335 
21.6539 5.12048 0.98468 -0.0131653 
25.3023 12.5491 1.00009 0.00572309 
18.4967 9.52268 0.988039 -0.059915 
15.958 7.221 1.0038 -0.0786203 
24.7152 1.76839 1.00136 -0.0111407 
27.2199 5.67689 1.0111 -0.0887574 
25.8268 1.17962 1.00146 0.0346163 
15.3388 7.5545 0.997403 -0.0537184 
27.6053 7.09567 0.999079 -0.0230566 
18.5256 8.76451 0.991237 -0.0214673 
19.0476 0.466951 0.999696 0.0129566 
26.4452 2.51623 1.01397 0.0779161 
25.5388 9.28239 1.00824 0.00154524 
18.9057 4.94928 0.984122 -0.0250654 
16.803 12.5872 1.02487 -0.08096 
17.9858 3.67413 0.997667 -0.0601388 
16.016 13.8679 1.0092 -0.00791304 
26.3093 4.79964 0.985382 0.0554374 
16.5801 8.38107 0.995558 -0.0971056 
27.9566 2.42778 1.00448 0.0562965 
24.7037 3.70371 0.983175 -0.0414231 
17.9298 6.18494 1.02818 -0.0885397 
19.0579 12.5436 0.993194 -0.0785601 
17.7988 10.6137 1.00519 -0.0367234 
15.2791 12.5475 1.00876 -0.0716951 
21.2304 1.78919 0.96974 0.0028474 
26.1447 6.74998 1.00017 -0.00759813 
23.6459 7.54756 0.983621 -0.0708692 
20.6191 6.89897 1.00144 -0.0856287 
14.4892 8.71231 1.01774 -0.0473349 
23.7184 2.81841 0.996019 -0.0206602 
25.5324 13.2471 0.983718 -0.0133001 
23.8559 8.26344 1.01194 -0.0507978 
17.2164 8.75233 1.00024 -0.0313754 
20.4259 9.92353 0.992003 -0.00739813 
23.13 8.12004 1.00684 -0.0710507 
19.0429 1.72491 1.01629 -0.00879519 
17.858 9.12595 1.00041 -0.00604649 
23.0314 1.26756 0.985444 0.0205317 
27.2244 2.42272 1.02483 0.00857547 
26.8103 13.7984 0.98978 0.00299592 
16.4463 4.67821 1.04109 -0.00300165 
14.1218 13.232 1.01003 -0.00065852 
25.0995 7.83712 0.995502 -0.0019773 
26.4796 10.1657 0.998627 -0.00677526 
18.6615 2.3403 1.00468 0.0503307 
23.3605 10.7964 0.996552 -0.0322314 
17.9065 6.89495 1.00641 -0.0880426 
23.2539 3.40427 1.02214 5.5921e-05 
23.0789 5.39083 0.99314 -0.0499903 
26.1367 1.86409 0.997354 0.0410641 
20.1706 14.519 1.00734 -0.0216741 
20.5077 8.43261 0.997522 -0.0512611 
27.5872 1.77893 1.00511 -0.00437788 
24.3285 9.69296 1.00977 0.0239387 
27.7436 11.2379 1.00246 0.0401541 
19.903 5.90017 0.997432 -0.0757338 
24.2343 2.33817 1.00498 0.0252012 
15.1987 6.12552 1.00062 -0.08275 
24.0478 13.1607 1.01213 0.00961972 
19.7444 2.99986 0.984387 0.0147797 
22.5233 5.97009 0.997532 -0.031848 
18.6719 14.5221 1.00498 -0.00194451 
16.478 1.12135 1.01178 -0.000420403 
14.496 4.32182 1.0034 -0.0148253 
23.0035 2.66287 0.980126 0.00411579 
27.5398 13.9065 1.00113 0.010053 
24.1702 6.97574 0.990153 -0.0527976 
26.8449 4.29623 0.938699 -0.0472411 
18.7073 3.62654 0.986169 -0.0538277 
17.0985 11.0054 1.0028 -0.0706504 
26.348 7.45594 0.995735 -0.0550837 
15.1261 10.6181 0.992109 -0.0832818 
15.6359 13.2231 1.01946 -0.0307408 
19.8328 8.77749 1.00279 -0.0508726 
15.7526 1.10355 0.99311 0.0109489 
20.1462 1.11083 1.0175 0.0281935 
21.4023 3.71112 0.989859 -0.0121 
19.1252 11.3222 0.998737 -0.089487 
14.8798 14.5203 1.01465 0.0132845 
19.7987 13.8587 0.997469 0.00679905 
14.4811 11.1335 0.99084 -0.0526023 
20.9222 14.5225 1.00867 -0.0245108 
25.7109 2.51651 1.01698 0.0388417 
17.2415 6.49526 1.01899 -0.044841 
17.8329 9.88345 0.985365 -0.0644636 
17.5826 3.02188 1.01462 -0.0243249 
14.1739 8.00202 1.00585 -0.0593549 
17.8387 5.50525 0.966287 -0.0996604 
23.9303 12.1519 0.982044 -0.0217955 
22.7746 12.632 1.01167 -0.0452429 
21.3555 11.1757 0.98355 -0.0390274 
27.4023 6.38936 0.995331 -0.00713335 
22.6037 10.674 0.993001 -0.0298533 
16.8408 0.468268 0.999113 -0.02533 
14.5119 12.5902 1.01539 -0.0869506 
23.6264 13.8564 1.00792 -0.0458973 
24.6089 10.4062 0.991672 -0.0145836 
17.569 0.461375 0.99776 0.0150605 
27.1569 11.6883 1.00079 0.0221817 
22.8179 13.9058 1.00206 -0.0234353 
22.004 9.23724 1.00348 -0.0194303 
18.5994 5.69186 0.962786 -0.0651995 
15.933 8.00413 1.00663 -0.0741803 
27.7954 10.5365 0.985418 0.033092 
26.2569 9.43806 0.996295 -0.0395054 
26.3865 11.4645 0.998023 0.0264235 
25.7722 5.33394 1.0071 0.0168958 
17.5364 12.5666 0.994535 -0.0597538 
17.2551 3.66141 1.00825 -0.0335012 
25.8934 13.9388 1.02368 -0.01463 
17.9385 1.08979 1.01108 0.0208976 
16.1115 1.75973 1.01901 0.0421634 
23.5774 9.54305 0.980523 -0.0128796 
14.4684 9.50911 0.995602 -0.0474059 
20.4061 10.6338 0.972106 -0.0570609 
15.6361 14.5206 1.00029 0.00464611 
25.7827 10.005 1.00376 -0.0218366 
21.8021 5.83565 1.00266 -0.00758088 
21.8605 8.49538 0.996301 -0.0711503 
27.0787 7.63195 1.00054 -0.0161494 
17.1897 9.50958 1.0085 -0.0560728 
21.9571 6.53907 1.00803 -0.065817 
19.7983 9.53435 0.999821 -0.0429267 
21.2413 6.42105 1.00304 -0.0360449 
21.9508 0.49496 0.991023 0.00739575 
15.7972 10.2392 1.00095 -0.0675807 
14.5025 13.8671 1.01389 -0.011475 
18.429 11.087 1.0092 -0.0924881 
23.4587 4.12442 0.990586 -0.0210257 
25.0975 11.8497 0.993668 -0.0114324 
21.239 0.472124 1.00392 0.0347596 
23.6906 1.08636 0.970385 -0.018957 
24.1292 10.9472 0.998342 0.00333816 
24.7794 0.468479 0.982813 -0.0170153 
25.8262 8.00392 0.992988 -0.0334272 
22.282 2.51665 0.979319 0.0170568 
25.2298 5.84208 0.984868 -0.0217311 
17.5732 1.74034 0.997096 0.0407826 
18.5797 6.51006 1.00369 -0.101407 
26.5661 3.64468 0.958116 -0.0065446 
26.6052 12.1749 0.987049 0.0525266 
14.8917 13.2258 0.991605 -0.0138021 
25.4242 1.82226 1.00715 -0.0195996 
17.1832 5.77025 0.963185 -0.0854039 
22.8771 4.68734 0.982283 -0.0514917 
17.2785 5.01109 0.942896 -0.0579184 
21.6785 9.8988 0.999502 -0.0407644 
14.8755 11.9442 0.988369 -0.0801805 
21.9641 1.81881 1.00588 0.00118163 
16.4304 12.0146 0.986061 -0.121079 
23.4471 6.81758 0.983748 -0.0875184 
24.0581 0.450183 0.981721 0.00959292 
21.5528 2.44745 1.01149 -0.0173421 
27.9284 5.86378 1.0074 0.0124063 
18.3027 2.99835 1.01216 0.00793681 
26.8958 0.477744 0.991049 0.0263297 
27.4622 13.2072 0.998928 0.0123403 
23.9969 1.69223 0.995259 -0.0283732 
16.4815 2.3977 1.00025 0.0375308 
20.1917 11.8682 1.00354 -0.049912 
21.3098 12.5613 0.992202 -0.0503372 
19.1216 10.6322 0.998876 -0.0911856 
17.0326 4.32592 0.984139 -0.0711146 
16.8408 3.06182 1.00095 0.0266551 
15.3874 1.73818 0.995545 0.0601721 
19.8407 11.1387 0.991448 -0.060875 
25.2594 3.12481 0.980914 -0.0171036 
19.8911 8.02665 1.01801 -0.0616283 
15.2602 13.8664 1.00173 -0.0102353 
22.4182 7.9517 0.992031 -0.032537 
21.0623 9.60777 0.994575 -0.0112683 
23.18 12.0257 1.01167 -0.0406651 
17.8975 7.62636 1.00877 -0.077141 
18.4885 4.28938 1.01805 -0.0868358 
20.4794 9.16711 0.989044 -0.0113605 
15.7419 2.39425 1.00082 0.0221463 
17.9337 2.36674 0.99795 0.0506008 
24.8986 7.12214 1.00248 -0.0268844 
22.0379 12.5807 1.01034 -0.0139245 
23.3377 0.472442 0.999305 -0.00751211 
15.185 11.3311 1.02497 -0.0737413 
16.4488 11.3353 0.999838 -0.0705004 
26.0508 12.667 1.0004 -0.00127326 
16.7796 13.8752 0.99845 -0.0481925 
17.2095 2.39707 0.995097 0.0446733 
17.7326 11.3261 1.0029 -0.07139 
18.6783 1.09289 0.988093 0.038914 
15.174 5.39491 1.00213 -0.0825377 
27.632 3.08795 1.03688 0.0534369 
21.6755 13.2277 1.01216 -0.0659923 
19.1343 9.89317 1.00311 -0.05992 
24.9774 2.43991 1.01913 -0.0121773 
22.6517 0.517352 0.999703 -0.00770436 
26.9388 10.978 1.00176 0.0598409 
27.8687 14.5299 0.992984 0.00456133 
23.8552 10.2469 0.99475 -0.0288726 
19.2123 6.1485 0.992189 -0.0442088 
19.4244 14.5258 0.995042 -0.0300261 
17.9164 14.5219 1.00086 -0.000378617 
25.0391 5.12985 0.986087 0.00687722 
19.2397 6.89137 1.00662 -0.0587647 
22.434 11.9518 0.988569 -0.0336383 
20.9274 13.2112 1.01257 -0.0481078 
19.7853 0.463335 1.00489 0.0279255 
20.9641 11.9068 0.995939 -0.0557804 
14.1549 11.9379 1.02562 -0.0740138 
15.133 3.86483 0.997485 -0.0170285 
17.1584 14.5182 0.986882 0.025356 
23.7944 5.53142 1.00341 -0.0339655 
15.8142 10.9917 0.987914 -0.0771141 
17.7386 4.36168 0.998996 -0.0756621 
25.4892 0.480404 1.00102 0.00501375 
22.0542 13.8931 1.01046 -0.0341304 
15.0254 2.36806 1.00408 0.0897278 
22.3779 9.96737 0.995346 0.00503885 
18.47 10.2927 1.00213 -0.0273591 
23.2328 14.5192 1.00529 0.00324054 
26.0756 4.11355 0.99719 0.00910011 
21.1059 3.07089 1.00219 -0.0213994 
22.5829 8.67755 1.01506 -0.0332504 
26.8738 6.92803 1.005 -0.035367 
24.1691 4.26271 1.00809 0.00204183 
25.0681 9.85021 0.97964 -0.0298822 
19.9156 6.60063 1.00099 -0.0759481 
26.2555 13.3509 1.00682 -0.00215327 
24.5641 12.4716 0.999399 -0.0112794 
24.8805 4.41222 0.995255 -0.0218053 
26.0387 8.71561 0.995017 -0.0336323 
25.42 6.5594 0.994461 -0.0167469 
20.9552 5.01196 0.98954 -0.0369116 
15.3836 0.463492 0.991995 -0.0164707 
14.8263 7.99308 1.01692 -0.0636396 
23.5127 12.6939 1.00521 -0.00464496 
26.5542 8.16733 0.996633 -0.0673676 
23.6423 11.4722 0.988331 0.00687433 
16.5338 6.13927 0.997686 -0.0481006 
24.3815 13.8459 1.01352 -0.00560994 
25.5712 4.62117 0.992574 0.00172591 
14.6513 0.471135 1.00123 -0.019584 
20.6281 11.2779 1.00572 -0.0431668 
19.237 7.63605 0.994397 -0.0673591 
22.0732 3.85237 0.998954 0.00677771 
22.4167 13.2557 0.998348 -0.0157051 
22.5478 3.24947 0.998589 0.00344423 
23.1776 13.2951 1.01306 -0.0160878 
27.3367 12.4291 0.987712 0.0434376 
20.3023 5.32415 0.99981 0.00553686 
24.4036 11.6409 0.996963 0.0032597 
24.5868 8.40386 0.98987 -0.0966281 
14.508 5.04694 1.00876 -0.068904 
24.5099 5.70781 0.994 0.0206922 
19.4308 13.21 1.00922 -0.0220916 
17.9465 11.9749 0.980315 -0.0764123 
16.4634 10.6018 1.00568 -0.065071 
23.3297 8.83175 0.998654 -0.0598676 
25.3141 8.55295 0.990701 -0.0707979 
20.6315 7.64787 1.02396 -0.0660516 
21.355 4.41292 1.00361 -0.00363659 
25.1226 1.13029 0.990733 0.0099662 
23.608 4.82672 0.999033 -0.0583422 
24.3749 7.69459 0.983466 -0.0605438 
27.8076 7.82462 0.99739 -0.0225217 
22.6945 1.91251 0.980498 0.00379019 
27.7844 5.0916 0.993348 0.0108999 
22.7127 6.66481 0.987691 -0.0584442 
15.8228 5.04639 0.992686 -0.088139 
23.4061 2.05351 0.986589 -0.0136534 
16.5067 3.79502 0.989727 0.014108 
15.1948 6.85852 1.00636 -0.0862042 
24.4109 1.0948 0.98982 0.0259142 
25.3664 10.5785 0.995267 -0.0246027 
24.7003 6.40943 0.995132 -0.0407349 
26.1296 10.7679 0.992891 0.0262143 
23.9745 3.54397 0.985555 -0.0206483 
23.2532 6.1076 1.00047 -0.125172 
17.1446 10.2512 0.995302 -0.0506675 
21.2305 8.90182 1.00036 -0.00915075 
17.1614 11.8507 0.994347 -0.111052 
22.8131 9.38478 0.999171 -0.0276795 
19.2025 8.38167 0.995319 -0.0417179 
15.8728 5.75579 0.992227 -0.0794268 
24.7448 14.521 1.02141 -0.00366769 
25.5117 14.5375 1.02483 -0.0216348 
20.7238 3.84621 0.989276 -0.00925883 
14.2681 2.39376 0.992188 0.0626527 
19.0227 2.97544 0.996528 -0.0304835 
26.8033 12.9165 0.99994 0.00573377 
19.4131 3.61015 0.974167 -0.0508262 
21.7194 7.75321 0.981735 -0.0462186 
16.5508 5.39282 0.960826 -0.066782 
24.7932 13.1828 1.01549 -0.00618753 
21.1608 8.15875 0.997852 -0.032055 
15.7071 11.8455 0.994771 -0.0888169 
19.8223 12.5612 0.997845 -0.0537899 
16.1174 0.461519 0.989022 0.00683946 
19.4175 1.0964 1.006 0.0078762 
14.463 10.2996 0.99702 -0.0360812 
14.6471 1.75559 0.985118 0.0337228 
27.6662 9.79583 0.996327 -0.00207959 
27.6015 4.39244 0.995333 0.0331326 
26.4971 5.50762 1.01558 -0.00671557 
17.8805 8.37325 0.992546 -0.0996555 
21.6757 14.5241 0.991805 0.00366294 
25.8415 11.9765 0.990984 -0.00210182 
19.7739 1.74187 1.0168 0.0131861 
27.4848 9.06536 1.00411 -0.0204459 
24.4919 3.01392 1.01522 0.0232659 
16.3953 14.5243 1.00492 0.0238044 
20.5592 12.5393 1.00866 -0.0256926 
15.364 3.05762 1.00136 -0.00877974 
16.5555 9.14652 1.00341 -0.0575875 
22.921 7.38184 1.00322 -0.0596393 
18.5547 8.00982 0.991381 -0.0861254 
20.1848 13.2132 0.997601 -0.0688707 
15.8045 3.62377 0.999431 -0.0176042 
27.963 1.14018 1.01118 0.0125978 
15.3249 8.43953 0.993504 -0.0154761 
16.3995 13.2305 1.00437 -0.0420148 
17.2377 7.23537 1.02092 -0.0708701 
22.1856 7.21529 1.00657 -0.0341243 
16.1325 3.01852 1.0052 -0.0379299 
21.8581 10.5977 0.989083 -0.012957 
22.123 11.2727 0.998911 -0.0343963 
19.053 13.8659 1.00673 -0.00551688 
20.5517 13.8665 0.99156 0.0197008 
25.9539 6.03794 1.00746 -0.0608035 
21.607 1.14783 0.98054 0.0573332 
15.8683 6.4986 1.00562 -0.0460323 
17.2046 1.11138 0.994686 0.0251595 
19.3934 2.35858 1.00932 0.0175519 
21.0844 5.69403 1.00146 -0.00661709 
22.1349 4.55462 0.993106 -0.0192711 
20.8225 2.42149 0.998473 0.0405008 
20.4071 3.18553 0.996506 -0.0128616 
14.1242 14.5231 1.0083 0.0109405 
24.8794 11.1104 0.988997 0.00523703 
26.9005 3.05611 1.04672 0.0152063 
26.8555 1.80933 0.989688 0.0715924 
21.2952 13.87 1.02283 -0.0176205 
18.6831 13.2246 0.982336 -0.0296829 
25.1325 13.8771 1.00922 -0.0119288 
17.2333 7.98899 1.00736 -0.0561836 
14.524 6.54106 1.00287 -0.0359507 
14.5235 5.78957 1.0153 -0.113761 
14.51 7.30187 0.997484 -0.0838906 
10.6707 6.06338 1.00375 -0.00442522 
9.86258 13.2454 0.996014 0.0108525 
11.3065 3.6067 0.979754 -0.0332544 
6.12059 9.03032 1.00496 0.0167507 
0.899414 1.12689 1.00971 0.00318335 
4.09796 8.723 1.01795 0.0179293 
6.22397 0.477126 1.0222 0.0179389 
9.94089 3.72117 0.978849 -0.0496345 
8.92283 7.15003 1.01646 -0.0284267 
1.21762 10.4998 0.99357 -0.00915231 
6.10854 13.2026 0.999546 0.0279267 
0.685603 5.59652 1.01528 -0.0428911 
5.02885 6.88643 0.981604 -0.0595439 
1.59523 14.5237 0.997889 -0.0127396 
1.2004 5.04037 0.963426 0.0371525 
12.8659 14.5219 0.994079 -0.0655111 
6.27818 7.37381 0.973582 -0.0129923 
3.5223 12.6632 0.9898 -0.0290847 
11.9239 9.13672 1.00383 -0.0444825 
7.62226 13.1641 1.00171 0.00295646 
0.355331 6.80526 1.01327 -0.00890893 
13.0668 1.12206 0.99478 0.0188937 
7.22401 2.97908 1.0121 0.0816801 
5.73992 13.8523 1.0031 -0.000923152 
2.60005 11.0083 0.996239 -0.020004 
6.33145 3.83081 1.01296 -0.0112573 
12.7052 1.79013 1.00208 0.0534298 
11.4449 5.025 0.992191 -0.0187669 
5.48833 1.9741 0.992707 -0.00446078 
6.81535 7.91593 1.00537 -0.00919161 
3.89304 10.828 0.98934 -0.0110278 
7.67094 1.71782 0.990538 0.0694483 
6.74407 9.47213 1.01235 0.0285726 
11.7463 13.8715 1.01092 0.0271057 
2.715 11.748 0.986397 -0.000577413 
1.65385 2.39312 0.970007 0.0472025 
10.6212 14.524 0.976775 0.0133863 
0.910427 2.42132 1.01664 0.0107352 
2.18745 4.394 0.989959 0.0128885 
13.6546 11.9554 0.981698 0.000505991 
6.49311 13.8512 0.999871 0.0279724 
8.73489 12.55 1.04762 -0.0128222 
11.883 11.3264 1.00446 0.0076215 
9.58249 4.31527 1.02399 -0.0534296 
4.48122 3.00172 1.01567 0.0086857 
11.2236 2.93605 1.02353 -0.0712282 
4.85468 9.79045 1.00683 -0.00150258 
5.19841 1.08038 1.02407 -0.0198294 
13.77 2.38413 0.996917 -0.0373739 
2.68533 0.468471 0.996031 -0.00538655 
12.6795 4.21384 1.01106 -0.021921 
4.10084 0.461967 1.00913 0.0347442 
10.5427 3.17041 0.998914 -0.0185238 
6.97445 7.14988 0.99003 -0.0612913 
6.11811 9.81736 0.99297 0.0129075 
10.1541 4.75036 1.01001 0.0261478 
13.3076 9.16244 0.994385 -0.0620985 
6.93269 0.470354 1.00662 0.028483 
7.15348 6.37256 0.999217 -0.00762091 
4.80354 9.05266 1.00491 0.0114431 
10.0264 8.70854 1.01429 -0.047885 
0.68875 11.7271 0.994513 -0.00416847 
12.5051 12.6015 1.00622 0.0156601 
1.77828 9.99865 0.992105 -0.00658325 
9.24879 11.2785 0.979002 -0.0421353 
3.88925 13.2405 0.994958 -0.00948692 
12.5738 8.01043 1.00595 -0.0566892 
7.25073 13.8525 1.00374 0.0176374 
12.0916 4.63215 0.970016 -0.0284308 
3.67924 7.30353 1.02026 -0.0174692 
10.6232 13.2409 1.00885 0.0246139 
13.4159 1.76934 0.986476 -0.0110542 
1.9757 0.475595 1.00703 0.0470648 
13.3472 6.8869 1.00137 -0.0762997 
8.4526 11.7578 0.99863 0.0177646 
0.226501 8.77985 0.993854 -0.0231927 
3.52321 9.203 1.00634 0.00335498 
10.6099 10.6054 1.00648 0.0481628 
11.2863 10.2542 1.01582 0.0677266 
8.7368 8.63002 1.00748 -0.0590954 
3.06767 13.2182 1.00435 -0.00193766 
13.295 10.6584 0.994361 -0.0127895 
5.39316 11.0498 0.960744 0.0627323 
9.12852 3.04694 1.01948 0.00808769 
3.39453 0.476481 1.00749 0.019422 
6.80906 11.8646 0.998168 0.0359186 
2.72788 13.8502 0.990229 -0.0113835 
4.80129 7.6127 0.998079 -0.00989592 
9.88128 11.8122 1.00839 0.00594542 
8.02518 1.10763 0.995197 0.0100842 
10.7459 5.32302 1.0069 -0.0176811 
5.34372 13.2144 0.996774 0.0348326 
12.3468 2.47575 0.992217 0.0118228 
9.35465 5.79815 0.980999 -0.0178319 
8.18005 4.74086 1.05039 0.0347417 
9.80294 1.75815 0.992193 -0.0326327 
6.74935 8.68596 1.01054 0.022162 
3.48413 13.8607 0.997094 -0.009065 
0.541966 1.7953 1.00195 0.0428974 
13.9678 9.52934 1.0021 -0.042458 
7.65561 0.457898 1.02021 0.0139267 
10.8925 1.11131 0.995497 0.0116513 
5.45928 8.73044 0.998714 -0.00674568 
6.1067 12.0048 1.00801 -0.0177781 
9.48703 13.8683 0.978343 0.00874308 
7.29368 1.09298 1.03564 0.00547498 
7.64118 4.18364 1.0043 0.0673156 
4.46066 6.36534 0.993909 -0.0373954 
8.37457 0.468247 1.00374 0.0294132 
13.3547 5.4063 1.00547 -0.0225732 
7.97735 11.167 0.985733 -0.00727692 
0.452559 13.7798 0.993644 -0.0156599 
5.57386 7.38002 0.956738 -0.0521198 
10.602 12.0237 1.00064 0.0323921 
7.98945 13.8505 0.990711 0.0226451 
12.8716 13.2351 1.01326 -0.0594705 
9.2553 6.51901 0.985103 -0.010682 
8.06047 8.89712 0.997888 0.0134052 
11.2835 9.4978 1.02067 -0.0221788 
6.68349 11.0078 0.999709 0.038218 
4.76994 4.93647 1.00166 -0.0145219 
2.00877 13.8873 1.00932 0.0110074 
9.86732 14.5256 0.981068 0.00485088 
9.82226 3.02569 1.04722 -0.0800749 
3.05562 1.12813 0.994164 0.0258063 
6.87107 14.5071 1.00807 -0.0369847 
4.90577 4.19468 1.0211 -0.0282458 
5.53116 0.46265 1.01945 0.0311533 
4.98131 12.5106 0.994771 0.0215985 
12.5742 7.22998 0.987916 -0.0889857 
1.64218 13.3159 0.985621 0.00624032 
5.94697 2.55928 1.03102 -0.0234141 
2.03265 3.05943 0.979309 0.0385892 
8.75717 5.26009 1.00377 -0.0469775 
0.185875 1.12654 0.99552 0.0485499 
13.4302 0.473723 0.998883 0.0625383 
6.90777 4.39123 1.01096 0.0982308 
12.7096 0.473011 0.996458 0.0402186 
13.9614 10.3211 1.00636 -0.0498841 
2.06489 5.96105 1.09364 0.0697033 
3.21019 2.46465 0.981964 0.0871423 
13.1588 8.46752 1.00718 -0.0635294 
10.1664 1.10738 1.01253 0.0160794 
9.37076 9.05527 1.0231 -0.0183903 
13.6205 14.5248 1.00055 -0.0329149 
2.52027 7.4112 1.01684 0.0949893 
3.17315 10.5228 0.998074 -0.0232689 
4.04508 7.93037 1.01193 -0.0131241 
1.27474 1.7671 0.99091 0.039004 
6.06248 10.6028 0.987327 0.0121096 
0.46861 4.92587 0.950316 -0.025214 
11.9615 9.88048 0.998868 -0.00734279 
9.93719 11.0361 0.992277 0.00422233 
2.01933 11.4959 0.986245 0.0158483 
13.179 7.58 0.996769 -0.0683566 
4.25581 13.867 0.994259 -0.0118221 
11.9474 3.09174 1.00646 0.00414043 
3.87296 14.5126 0.985849 -0.0263215 
2.638 5.60416 1.02464 -0.0462008 
10.6341 6.7888 0.972241 -0.0188361 
13.6256 13.2368 1.00083 -0.0656359 
8.3933 6.681 1.00155 -0.0350493 
8.79545 7.89834 1.0144 -0.016793 
3.16154 3.53276 0.974459 0.0303865 
8.01744 12.5239 1.02204 0.0123747 
3.41534 8.43474 1.01209 -0.00082077 
3.16733 7.74535 1.03695 0.0235193 
3.11841 14.5125 0.990393 -0.0183642 
6.11058 8.18724 1.02838 0.0133526 
7.77499 3.4374 1.02337 0.0412863 
5.86521 1.19728 1.02815 0.0441475 
3.93941 2.44311 0.981508 0.061973 
9.5139 12.5718 1.01251 -0.00691575 
1.00873 3.67574 0.969487 0.0496964 
3.30138 11.2594 0.991407 0.00401363 
10.0537 7.94466 1.01274 -0.0321269 
8.11269 8.15981 1.00223 -0.0083249 
5.75538 6.68727 0.978445 -0.0652822 
0.53015 10.2636 1.00227 -0.0086289 
11.3717 14.5194 1.00212 0.0237123 
9.46323 5.04699 0.993378 -0.0275125 
6.20004 1.84014 0.993225 0.0348493 
12.6315 9.54062 0.992448 -0.0636454 
6.6507 2.42391 1.01947 0.0374165 
11.9908 0.476029 0.985841 0.0224416 
8.0341 9.64822 1.00566 0.0616947 
4.67397 2.32399 0.988693 0.00340168 
6.71482 10.2512 0.995918 0.0359226 
11.7411 12.5481 1.00578 0.0247933 
4.3266 7.08884 1.00621 -0.0467482 
6.12217 14.5106 1.00008 0.0113446 
5.69848 12.5738 1.00068 0.0341511 
8.35087 1.84416 1.01947 0.057446 
3.87531 5.87854 0.999495 -0.0383466 
6.05919 11.3306 0.956308 0.0165585 
10.8401 4.60719 1.01421 -0.0639107 
13.7881 1.10912 0.992947 0.0320426 
1.3983 5.73595 1.08407 0.0261283 
6.9212 1.73588 1.03482 0.0544017 
9.33827 9.79869 1.0047 0.0328743 
2.30129 9.47351 1.00086 0.0166679 
4.71236 8.3306 1.0076 -0.00892187 
6.75163 5.1061 1.00982 0.0604188 
4.62544 14.5138 0.996634 0.00467189 
5.90183 5.98236 0.996421 -0.0362737 
2.47376 10.2567 0.996495 -0.000840963 
11.3758 5.7511 0.997013 -0.00557484 
8.45241 3.23364 1.03617 0.0766772 
0.635136 11.0019 0.990084 0.00316685 
7.86825 6.17616 0.997634 0.00439414 
4.21308 4.44617 1.01697 -0.0239411 
1.60904 6.4917 1.00548 -0.0272789 
10.245 13.8753 0.982684 0.0293242 
11.2825 7.9601 0.996424 -0.0791622 
13.9924 4.3328 1.00554 -0.0424626 
11.9459 10.6121 1.0034 0.00933254 
8.73999 13.8533 0.989869 0.0392621 
11.2454 11.0201 0.99771 0.0119513 
0.0305064 8.04646 0.993639 -0.0305784 
10.9968 13.8792 0.996534 0.0131887 
10.0504 5.54015 0.999424 -0.0686786 
2.92744 4.21607 0.992763 0.00909194 
11.016 12.6039 0.983989 0.0260511 
3.32589 5.40008 1.00851 -0.0293343 
1.96153 5.14335 0.9812 -0.0646566 
0.804689 12.4552 1.00522 0.0038914 
2.75562 2.99147 0.97976 0.0387142 
6.03939 5.2621 1.00663 -0.000919785 
12.7041 5.78223 0.992447 -0.0256368 
12.0732 5.39016 1.0067 -0.00617072 
5.24865 2.73055 1.01275 -0.0073241 
9.30746 10.548 0.992006 0.0104149 
7.67324 6.91062 0.992555 -0.0178219 
5.47343 4.72104 1.01162 -0.0365273 
12.5498 8.7996 1.00931 -0.0317569 
4.98524 13.8477 0.989225 0.0142637 
0.92701 8.99313 1.00807 -0.0238582 
6.5615 1.12442 1.0352 0.0479598 
5.77426 3.28302 1.00623 -0.0331125 
4.00565 11.5886 1.00926 0.010945 
10.6328 3.93476 0.981273 -0.0261172 
11.3782 13.2286 1.0176 0.0214551 
7.98358 2.62811 1.01847 0.0933065 
1.9096 10.7482 0.985613 0.00148126 
13.6685 8.03723 1.00435 -0.071004 
11.626 1.11443 1.01106 -0.0073088 
0.252625 3.77765 0.948743 0.0618976 
9.11169 14.5156 1.00609 -0.0108802 
1.30947 3.03845 1.00985 0.0766747 
10.8714 2.35585 1.01383 -0.0043254 
8.72397 1.13484 0.988205 0.00236679 
10.5179 1.73858 1.02457 0.00278112 
7.32121 5.63782 1.01397 0.0596725 
9.44914 1.12394 1.01056 0.0432613 
3.41624 11.9792 0.989623 0.028033 
8.88229 4.51444 1.05878 -0.0400133 
4.04814 5.15922 1.01519 -0.0483309 
9.97244 6.28747 0.978395 -0.101416 
2.00721 1.76487 0.989515 0.0385257 
13.2798 11.3542 1.00058 -0.0484636 
2.44419 3.68231 0.976087 0.076186 
3.45879 1.7894 0.975943 0.0641273 
9.96973 10.243 0.992881 0.012483 
11.9343 7.61317 1.00148 -0.0537102 
5.39328 8.05056 1.02451 -0.0295619 
12.6303 10.3099 1.0006 0.00550669 
4.1937 12.4178 0.998457 0.00554278 
0.814348 14.515 0.990845 -0.0228624 
12.0252 6.12612 1.00717 -0.0479963 
2.13091 12.2436 0.994864 0.016046 
9.43291 2.39073 1.00927 0.0199373 
5.48982 9.44611 0.989423 -0.0404794 
13.3309 4.61961 1.02674 -0.00314056 
4.59994 13.1384 0.986142 0.023405 
7.37024 9.92884 0.993394 0.0298683 
8.67853 10.1239 0.996358 -0.0194767 
11.9312 8.36988 1.00955 -0.0701821 
0.893409 6.29682 1.00451 -0.0435188 
1.25617 0.467861 1.00186 -0.010268 
1.99712 7.9424 0.977003 0.0030283 
0.0972902 12.244 0.988184 -0.0292802 
9.11597 13.2044 0.98095 0.00774709 
4.87175 1.67234 1.0004 0.00324979 
2.81353 12.4989 0.996384 0.0196903 
1.29152 7.73037 0.989778 -0.0614031 
1.72712 3.72429 0.987603 0.0964498 
0.734032 4.30858 0.987091 0.00412729 
4.19368 9.47621 0.994391 0.0195083 
4.81577 0.458951 0.997319 0.016399 
1.40582 11.9395 0.995058 0.00383473 
7.46631 4.90452 1.03387 0.0303985 
7.52407 7.67224 1.0054 0.0223483 
2.97585 9.72001 1.0007 0.00340985 
4.27507 10.2313 1.00482 -0.0065321 
11.9591 6.84953 0.990459 -0.044524 
5.05651 3.46007 1.0186 -0.0475085 
9.46318 7.57902 1.02384 -0.0196193 
13.2455 13.8856 1.00083 0.0209294 
5.61313 4.00634 1.02127 -0.0189481 
12.1514 11.953 0.998802 0.0204242 
4.33221 3.70592 1.02135 -0.00528811 
6.51624 12.5819 0.994695 0.0153806 
8.63803 6.00125 0.968419 -0.0515465 
4.16683 1.76299 0.981106 0.0348558 
6.18785 4.54165 1.0147 -0.00401818 
7.6989 11.8998 1.01764 0.0183953 
11.9944 1.76362 1.03709 -0.0136511 
6.61032 5.84313 1.00255 0.0405528 
3.63432 9.97634 0.993134 0.001662 
9.06773 1.76035 0.999555 0.0494059 
12.0659 3.81371 1.0245 0.00922566 
10.5384 0.4703 1.00641 0.000973417 
11.3283 11.8483 0.995918 0.0593884 
3.67293 3.97628 1.01537 0.00239695 
12.6781 6.5116 1.00771 -0.107075 
10.0011 9.4749 1.02628 -0.02091 
8.36699 14.5069 0.98127 -0.00520758 
10.6505 9.10151 1.03035 0.0110362 
7.61988 14.5119 0.992286 -0.0148102 
0.394277 9.51649 1.00053 0.0225469 
3.76579 1.12417 0.997877 0.0372207 
8.70181 9.37 0.98242 -0.0552615 
8.35387 3.98127 0.979433 0.0420367 
10.6308 7.53651 1.01214 -0.0278851 
8.36295 13.1984 1.00309 0.0367275 
13.3019 9.91829 1.018 -0.0124948 
10.6323 9.86792 1.00913 0.013703 
3.11038 6.15079 0.972937 0.0252853 
1.07975 7.01629 1.00887 -0.0442603 
7.0533 3.67734 1.02953 0.0717319 
12.116 14.5258 1.00443 -0.0360991 
13.0424 2.47891 1.00316 -0.045598 
3.47961 4.68674 1.0118 0.0106429 
2.72134 4.90089 0.984155 0.0018024 
7.3515 2.31515 1.03974 0.0797738 
2.34871 1.13087 1.01021 0.0737571 
12.7194 5.01572 0.990924 0.033481 
10.6014 11.3444 0.985124 0.0142129 
13.278 3.83488 1.00855 -0.0222317 
1.20502 13.8897 0.996508 -0.0129204 
11.2552 1.73329 1.03428 0.0270604 
13.9832 11.1464 1.00214 -0.00497837 
3.73903 6.57661 1.00468 -0.043583 
13.9648 3.62846 0.994498 -0.00248511 
1.47045 4.38809 0.969863 0.0742202 
1.53059 12.636 0.993744 -0.00413989 
2.84543 8.95593 0.997763 0.000572305 
10.171 2.41167 1.01834 -0.0437219 
2.40059 6.62832 0.95112 0.142741 
1.61172 9.24174 1.00001 -0.0115456 
4.46736 1.08934 1.0072 0.0136534 
9.40703 8.31297 1.01338 -0.0344467 
9.08871 0.477291 1.00467 0.00722804 
1.46256 8.4737 1.00204 -0.0106736 
6.49263 3.12234 1.02705 0.0437459 
12.1164 13.2153 0.993946 -0.0426363 
5.39991 11.8038 1.01365 0.066771 
0.926732 13.182 0.996142 -0.0161641 
2.322 13.0684 1.00027 -0.0301273 
4.6012 11.1537 0.972256 0.00547737 
10.6629 8.33665 1.00273 -0.040201 
12.685 3.29153 1.01461 -0.0590945 
3.74578 3.14228 1.01726 0.0457175 
12.4892 13.8761 0.99492 0.0400659 
11.2947 7.20343 0.995427 -0.0501358 
0.0767965 14.4243 0.985699 -0.0179951 
8.63916 10.9106 0.973861 -0.00828841 
5.32934 5.45543 0.998873 -0.0475252 
8.04535 5.47533 1.02057 0.0430165 
2.38324 2.39575 0.983645 0.0926619 
9.09031 3.75173 1.006 -0.0625377 
0.153021 6.0889 1.03829 0.00568348 
8.69616 2.47308 0.991038 0.0389046 
13.4218 3.09612 0.99114 -0.0179562 
0.216137 13.0199 0.998083 -0.0301969 
8.22194 7.41951 1.01346 0.00878915 
2.74961 1.7978 1.00314 0.0538801 
1.08168 9.75106 1.0004 0.017147 
7.35009 10.6569 1.00122 0.0368487 
2.36824 14.5232 0.98246 -0.0144087 
11.3178 6.46418 1.00079 -0.0571108 
3.07295 6.90996 1.02284 0.0148577 
5.37109 14.5134 1.00388 -0.0129067 
12.3504 1.12585 1.01531 0.0134878 
2.13938 8.72647 0.998518 -0.00539413 
5.49378 10.1896 0.997648 -0.0213372 
11.2922 8.72589 1.01741 -0.0322328 
1.32429 11.2271 0.985229 0.00461218 
0.171841 2.44666 1.01161 0.0228117 
11.6318 2.36753 1.01593 -0.0166029 
7.24804 12.5008 1.01408 0.0109412 
12.8645 11.9399 1.0114 0.0152074 
0.754886 8.25493 0.986244 -0.0272596 
7.39494 9.17913 1.00002 0.0128752 
1.62387 1.11113 0.99829 0.0314831 
11.2654 0.467924 0.985238 0.0266031 
4.89469 10.5335 1.01228 -0.0019542 
2.66347 8.23027 1.00929 0.0108708 
13.2522 12.5902 1.0033 -0.0306105 
12.5871 11.1261 1.0005 0.011707 
10.2294 12.6161 1.01106 0.0286945 
11.4672 4.27719 0.98749 -0.0784848 
1.82482 7.18683 1.00288 -0.0201027 
6.46217 6.59001 0.989241 0.0151992 
13.986 8.74237 0.989856 -0.0692309 
6.88304 13.2051 0.990251 0.0214394 
8.02024 10.4002 0.99993 0.0299124 
13.3533 6.15499 1.00148 -0.0639982 
4.60874 5.65973 1.00744 -0.0338316 
4.68145 11.8588 1.00765 -0.00979865 
9.93781 7.04868 0.972498 -0.0731766 
9.80945 0.468678 0.993139 -0.0234432 
9.14596 11.962 1.02195 -0.0252419 
7.28622 11.3548 0.99577 0.0365935 
7.42685 8.42771 0.999475 -0.00945941 
5.1826 6.17453 0.993941 -0.0392438 
0.557242 7.53063 0.999368 -0.0636255 
0.549048 3.09004 1.03653 0.0362459 
0.542933 0.474311 0.994949 0.0225285 
23.4858 14.5159 1.01937 -0.00460366 
25.1215 7.30664 0.990377 -0.0231391 
18.6662 9.16054 1.00116 -0.0801321 
23.5775 8.99131 0.991061 -0.011745 
21.8683 5.2696 0.994544 -0.0316024 
17.8227 12.6199 0.981159 -0.0295836 
16.0776 6.89188 1.01526 -0.0540242 
14.648 4.67983 1.00977 -0.0574964 
26.6524 10.3011 0.978953 0.0587793 
21.3472 3.12276 1.01223 0.0195807 
16.0793 7.65851 1.00524 -0.0883653 
14.5199 1.0918 0.983663 0.0208301 
20.6119 10.4314 0.992594 -0.0445423 
17.8013 1.70452 1.02048 -0.0181117 
26.4659 9.59485 1.00549 -0.0014094 
17.6934 4.96985 0.995907 -0.0679373 
17.8081 0.455074 0.998841 0.0174298 
16.3414 1.73334 1.00611 0.0329719 
21.9397 14.5398 1.00304 -0.00304126 
21.1909 11.9055 0.984126 -0.0452119 
25.5298 3.19022 1.03466 -0.00130853 
18.9738 11.96 1.01056 -0.0650182 
25.6923 0.472883 0.986646 0.0625195 
16.6696 13.2607 0.979957 -0.11046 
17.045 13.8809 0.993755 -0.0134164 
26.7846 8.36448 1.00153 -0.0346644 
26.5549 5.0091 1.00115 -0.0460072 
25.8518 14.4984 1.00208 0.0118354 
15.981 9.89565 1.0035 -0.0340323 
26.173 6.23065 0.989013 -0.00505848 
27.1153 0.465224 0.99872 0.00287027 
19.2659 10.3268 0.99318 -0.0845739 
19.4343 7.34658 1.0274 -0.09511 
14.6394 9.15781 0.997907 -0.0638966 
22.2593 3.98604 1.0067 -0.0137419 
15.4362 8.80803 1.02709 -0.0723349 
27.9446 5.37174 0.998065 -0.0210313 
15.2969 4.33844 1.05357 -0.070851 
18.0702 7.29725 0.987447 -0.0667923 
14.165 2.97557 0.992126 -0.021513 
17.4199 13.2358 0.997917 -0.0402586 
19.9766 4.53109 0.993976 -0.0270326 
20.8314 7.18701 0.991249 -0.075045 
26.0281 1.13122 0.988992 0.0574285 
25.1165 11.2931 0.997054 -0.0402903 
23.4818 6.29185 0.997058 -0.05342 
24.934 3.8399 0.971997 0.0113783 
15.3167 9.52794 1.01233 -0.0735907 
22.382 11.3676 0.994763 -0.0277577 
22.604 10.106 0.98759 -0.0015304 
20.0014 1.74662 0.98673 -0.030249 
20.0524 6.18119 1.00261 -0.0610409 
27.4009 11.9597 0.9785 -0.000958441 
26.746 1.12481 0.987407 0.00147047 
19.6274 2.39862 0.976828 -0.0401745 
21.8344 1.18862 0.994494 -0.00580486 
15.5067 12.6238 1.00111 -0.0432666 
17.7941 13.8747 1.00699 -0.00249728 
23.8318 4.9804 0.991056 0.0137761 
20.0163 0.463102 1.01577 0.012616 
18.74 4.30429 0.986667 0.0148424 
19.2795 4.78591 0.986569 0.00912398 
14.631 9.91005 0.992023 -0.0349922 
19.5122 3.98146 0.989331 -0.014245 
26.2631 8.8884 1.00137 -0.0752384 
24.3191 9.14417 0.995057 -0.0364772 
20.3829 1.12492 1.00722 0.0219572 
27.6974 9.28063 0.999116 0.0250564 
18.1665 11.9183 1.00258 -0.081771 
26.5975 14.5136 0.99228 0.0127997 
26.8156 3.70264 0.931996 0.0181857 
18.9199 5.43453 0.969292 -0.0167975 
21.1619 5.12277 0.994496 -0.000984741 
24.806 12.5643 0.988509 -0.0490766 
17.9981 9.542 1.00043 -0.0214992 
15.4451 7.25416 1.02828 -0.0537724 
24.2117 1.75852 1.00168 -0.0126314 
26.7195 5.69733 1.01276 -0.0166081 
25.3205 1.15425 1.00983 0.0590517 
14.8387 7.6011 1.01512 -0.117273 
27.1027 7.12726 0.99837 -0.0574445 
18.0326 8.78268 0.984237 -0.0683759 
18.5481 0.448803 1.00484 0.0115706 
25.9409 2.48102 1.01642 0.091434 
25.0422 9.28457 0.976002 -0.04519 
18.4174 4.9547 0.968289 -0.0161307 
16.3146 12.6448 0.985595 -0.035043 
17.4842 3.70566 1.00002 -0.0551948 
15.5152 13.8812 0.998532 -0.0265318 
25.8157 4.80029 0.993054 -0.016395 
16.0739 8.41018 1.02746 -0.0287688 
27.4528 2.43362 1.01741 -0.0353719 
24.2132 3.70655 1.00243 0.0191862 
17.4142 6.2336 1.02781 -0.112436 
18.5557 12.5762 1.00369 -0.0208528 
17.2961 10.6431 0.997128 -0.0619937 
14.78 12.5744 0.993793 -0.0166024 
20.7412 1.77844 0.995021 0.00969513 
25.6466 6.76953 0.994715 -0.0741906 
23.1527 7.57731 0.988218 -0.0712486 
20.114 6.94535 1.01211 -0.049003 
27.8518 10.0209 1.00786 0.0321956 
23.218 2.83486 1.0049 -0.0248815 
25.0334 13.2594 1.01594 -0.0344566 
23.358 8.29354 0.977091 -0.0441051 
16.7179 8.77841 0.997896 -0.0856003 
19.9318 9.93283 0.977425 -0.0275142 
22.6267 8.14382 0.994483 -0.0422417 
18.5302 1.71389 1.02117 0.00355681 
17.3614 9.15667 0.985222 -0.100422 
22.5463 1.26267 0.952632 -0.0213992 
26.7066 2.41852 1.03331 0.0431857 
26.3112 13.7966 0.995639 -0.00971068 
15.9305 4.67384 1.03255 -0.0192061 
27.5335 12.7573 0.996795 -0.0166919 
24.6035 7.86517 0.993407 -0.106783 
25.9792 10.1526 0.995582 0.0223517 
18.1587 2.36167 1.00838 -0.0745815 
22.8643 10.7992 0.995432 -0.000150441 
17.4004 6.95067 1.02257 -0.115794 
22.7517 3.39943 0.987624 0.00073739 
22.5806 5.43557 1.00173 -0.0914491 
25.6398 1.81731 0.998316 0.116848 
19.6721 14.5212 0.989341 -0.00485602 
20.008 8.45691 0.991286 -0.0328879 
27.0909 1.78127 0.988031 0.00222996 
23.8315 9.69555 0.978792 -0.0450425 
27.2386 11.2275 1.00914 0.0173121 
19.4052 5.92828 1.00615 -0.0257097 
23.7335 2.35019 1.00385 -0.0289566 
14.696 6.17324 1.01468 -0.0944168 
23.54 13.1648 1.00614 -0.0158365 
19.249 3.00482 1.00863 -0.014894 
22.0262 5.98856 0.998804 -0.0635946 
18.1714 14.5232 1.00289 -0.00997244 
15.9758 1.1026 0.992321 0.055646 
27.8344 7.31285 0.997999 -0.0255204 
22.5028 2.66001 1.0133 0.00453095 
27.0412 13.9073 1.00746 -0.00642686 
23.6788 7.00903 0.983388 -0.0689649 
26.378 4.31803 0.94955 -0.0263945 
18.2142 3.65672 0.992614 -0.0572727 
16.5955 11.0424 1.00879 -0.0620132 
25.8498 7.48435 0.994173 -0.0321702 
14.628 10.6469 1.00768 -0.0354394 
15.1343 13.2419 0.996485 -0.0803387 
19.3341 8.81108 0.996948 -0.0690028 
15.2508 1.09433 1.01372 0.0105417 
19.6481 1.09195 0.98004 0.0294083 
20.9016 3.71078 1.00906 0.00705118 
18.6229 11.3578 1.0022 -0.0502262 
14.3741 14.5223 1.00392 -0.0383388 
19.3005 13.8759 1.00887 -0.0429758 
27.9796 11.4963 1.01086 0.0111168 
20.418 14.5275 1.00256 3.36157e-05 
25.216 2.51445 0.972305 -0.0147293 
16.7283 6.53633 1.0273 -0.128717 
17.3358 9.89801 1.00628 -0.0342774 
17.0814 3.03299 0.993196 -0.0197563 
27.5073 8.55889 0.99731 -0.0276949 
17.3671 5.54836 0.936324 -0.0916153 
23.4301 12.1642 1.01226 -0.025744 
22.2711 12.6493 1.01122 -0.0331771 
20.8609 11.188 0.996815 -0.0196824 
26.8997 6.4132 1.0096 -0.0791684 
22.1061 10.6816 1.00813 -0.00652209 
16.3432 0.465753 0.990758 0.0562651 
27.8181 1.78044 1.01078 0.0452441 
23.1295 13.8675 1.00261 0.0170813 
24.1154 10.4043 0.991519 0.00855311 
17.0746 0.456199 0.979139 0.00593052 
26.6601 11.6762 1.00053 0.0102002 
22.3123 13.9229 1.01377 -0.0178339 
21.5022 9.24885 1.0089 -0.0363402 
18.1175 5.70784 0.961715 -0.00858397 
15.4335 8.03376 0.995152 -0.0571828 
27.3004 10.5215 0.989445 0.0145419 
25.7562 9.43913 1.00062 0.0258361 
25.8889 11.4582 0.986258 -0.0165441 
25.2688 5.32109 0.997996 -0.00792967 
17.0309 12.5892 0.997393 -0.019582 
16.7565 3.69166 0.988129 -0.0615017 
25.3881 13.9488 1.00347 -0.0206811 
17.436 1.08773 0.995855 0.0138532 
15.6094 1.74649 0.986141 -0.00639458 
23.0836 9.54893 1.00856 -0.03601 
27.8633 4.51397 0.975579 -0.102388 
19.9133 10.6443 1.00392 -0.0234308 
15.1361 14.5244 1.00358 -0.0319673 
25.2874 10.0073 0.99528 0.0157489 
21.3013 5.84534 0.990588 -0.0474077 
21.357 8.5155 1.01558 -0.00199146 
26.5806 7.65033 1.00105 -0.0615629 
16.6913 9.53655 0.992676 -0.0505952 
21.462 6.56808 0.979998 -0.0265265 
19.3017 9.55374 0.987809 -0.0527803 
20.7461 6.44238 0.989301 -0.0609244 
21.455 0.474549 0.996515 0.0390218 
15.2948 10.2776 0.999622 -0.0827942 
27.8214 3.1164 1.06995 -0.00993496 
17.9256 11.1271 1.0023 -0.0610453 
22.9589 4.12284 1.01075 0.00152037 
24.5983 11.856 0.997338 -0.0246033 
20.7363 0.471743 1.00041 -0.0398214 
23.2016 1.07488 0.981288 0.0396824 
23.6303 10.9421 0.989909 -0.0134441 
24.2874 0.459698 0.98784 0.0222255 
25.329 8.02559 1.00308 -0.0594116 
21.7926 2.5243 0.991887 -0.0270887 
24.7353 5.87245 0.992774 -0.0951152 
17.0672 1.72795 1.02432 -0.0190016 
18.0739 6.54119 1.0118 -0.0153248 
26.099 3.66342 0.92569 -0.0426236 
26.1065 12.1771 1.00366 -0.0451619 
14.3891 13.2315 1.00307 -0.0475399 
24.9259 1.82937 0.989734 -0.0121947 
16.696 5.80781 0.982532 -0.0521432 
22.3853 4.7035 0.987164 -0.0237431 
16.8015 5.04685 0.963973 -0.0851871 
21.1801 9.90963 0.997605 -0.00474393 
14.3686 11.9761 1.02796 -0.0317776 
21.4712 1.8309 0.964251 -0.0396182 
15.9288 12.0479 0.99264 -0.0990033 
22.9514 6.8714 1.00191 -0.0878851 
23.5694 0.455256 0.977055 0.000226208 
21.0573 2.46085 0.969623 0.00226533 
27.4191 5.86498 1.01238 -0.0220339 
17.7987 3.01715 1.00305 -0.094148 
26.402 0.472162 0.984227 -0.000526081 
26.9621 13.2057 1.00669 -0.00248298 
23.495 1.69093 1.00883 0.0252879 
15.9839 2.38402 0.999074 -0.00306161 
19.6933 11.8907 0.985568 -0.0433466 
20.805 12.5866 1.02041 -0.041467 
18.6211 10.6644 0.990763 -0.0383878 
16.533 4.3575 1.00733 -0.0637163 
16.3442 3.07106 0.990803 -0.0624974 
14.888 1.72554 1.00095 -0.0296817 
19.3429 11.1648 1.00317 -0.0349788 
24.7591 3.14051 1.00971 -0.0266051 
19.3903 8.06723 0.984268 -0.0811691 
14.7554 13.8861 1.01811 -0.0346219 
21.9183 7.97094 1.00851 -0.0666697 
20.5698 9.60851 0.984593 -0.0133574 
22.6782 12.0426 0.989573 -0.00294118 
17.3948 7.6798 0.99815 -0.115988 
17.9855 4.32051 0.984172 -0.0242197 
19.9805 9.17508 1.00184 -0.0487202 
15.2468 2.40578 0.98461 -0.0410492 
17.4351 2.36338 1.00844 -0.0301795 
24.3962 7.14441 0.995247 -0.0727075 
21.535 12.5909 1.00466 -0.0536743 
22.8437 0.47218 0.976933 0.0209929 
14.687 11.3593 0.970928 -0.0671581 
15.9547 11.3695 0.991571 -0.0365661 
25.55 12.6722 0.997694 -0.031878 
16.2771 13.8863 0.999427 -0.0032011 
16.7034 2.39022 1.01636 -0.0167813 
17.2281 11.3557 1.01563 -0.047006 
18.175 1.07927 1.02209 0.0365942 
14.6691 5.43642 1.01366 -0.0887408 
27.1013 3.05562 1.08776 0.0347745 
21.1673 13.2522 1.00766 -0.00634386 
18.633 9.91524 0.993734 -0.0359051 
24.4756 2.45713 0.97481 -0.0169782 
22.1555 0.514585 0.984449 0.00548665 
26.436 10.966 1.01667 -0.0209901 
27.3723 14.5258 0.992217 0.00098169 
23.3555 10.2539 1.00046 0.0201939 
18.718 6.17625 0.995309 -0.0786616 
18.9223 14.5199 1.00979 0.0160419 
17.4193 14.5287 0.992031 -0.0103136 
24.5491 5.15708 0.978635 -0.0729784 
18.7375 6.93691 1.00357 -0.083924 
21.939 11.9717 0.996726 -0.0331124 
20.4214 13.2198 1.00771 -0.0151791 
19.2805 0.457178 1.00817 -0.0146345 
20.4645 11.9313 0.996694 -0.0472557 
27.6232 6.58785 1.0154 -0.0451862 
14.6319 3.88289 1.00528 -0.0669352 
16.6584 14.5303 1.01147 -0.0437215 
23.296 5.58192 0.988474 -0.114295 
15.317 11.0372 0.989334 -0.0908164 
17.2401 4.402 0.994885 -0.0737735 
24.9904 0.480827 0.994333 -0.00402668 
21.5468 13.901 1.01312 -0.0119597 
14.5285 2.36009 0.982852 -0.0563433 
21.8788 9.97343 1.0034 -0.0336253 
17.9738 10.3214 0.995914 -0.0852039 
22.7266 14.5227 1.01651 -0.0237199 
25.5827 4.09407 0.946794 0.0380344 
20.6106 3.07379 0.995492 0.0165923 
22.0768 8.70694 1.00108 -0.0508192 
26.3728 6.93581 0.99901 -0.0339641 
23.6664 4.27063 0.998532 -0.0165273 
24.5687 9.85359 1.00479 0.0203717 
19.4124 6.6348 1.00391 -0.0470341 
25.7586 13.3608 0.995813 -0.0294492 
24.068 12.4809 0.984934 -0.0183784 
24.3811 4.42315 0.993034 -0.0294155 
25.5418 8.73756 0.99323 -0.0206326 
24.924 6.59671 0.992569 -0.0983064 
20.4616 5.01941 0.990568 -0.00148912 
14.8875 0.461978 0.990226 0.0470771 
14.3209 8.02796 1.00324 -0.0774761 
23.0047 12.6962 1.02936 -0.0324787 
26.0588 8.1868 0.992659 -0.00639111 
23.1456 11.4854 1.0039 -0.0420329 
16.0368 6.15928 0.985649 -0.0262765 
23.8702 13.8421 1.01857 0.0149958 
25.0801 4.61176 0.98602 0.0324794 
14.1559 0.461016 0.983977 0.0602544 
20.1351 11.3042 0.976081 -0.0230995 
18.7366 7.66673 1.00843 -0.0741602 
21.5735 3.84558 0.989775 0.00947482 
21.9139 13.2762 1.01796 -0.0467505 
22.0498 3.24939 0.990817 -0.0128871 
22.676 13.3068 0.999508 -0.0393319 
26.8416 12.4233 1.00031 -0.0236401 
19.8058 5.33956 0.998002 -0.0550957 
23.9028 11.6502 1.00295 -0.0229404 
24.0908 8.44509 1.00035 -0.0199706 
27.8278 0.47926 0.998582 0.0161619 
24.0153 5.69916 0.979884 -0.02753 
18.9284 13.2187 0.99022 -0.0544903 
17.4498 12.002 1.00525 -0.0569287 
15.9635 10.6282 0.996446 -0.0510078 
22.836 8.85534 0.996012 -0.0125815 
24.8159 8.5808 0.993165 -0.007135 
20.1217 7.68231 1.01419 -0.0773687 
20.8532 4.41453 1.00121 -0.00298093 
24.6226 1.14168 1.00907 -0.0298852 
23.1086 4.85022 0.997546 -0.0454211 
23.8795 7.72395 0.994517 -0.0765039 
27.3108 7.832 0.995637 -0.0417609 
22.2038 1.90631 0.982893 0.0151707 
27.2837 5.09978 1.01138 -0.0451536 
22.2187 6.70305 0.991219 -0.0653304 
15.3224 5.08283 1.00169 -0.0691417 
22.9149 2.06164 0.991628 -0.00703561 
16.0034 3.81346 1.01579 -0.0670757 
14.6882 6.90627 1.02066 -0.0985812 
23.9201 1.0932 0.982798 -0.00880035 
24.8694 10.5786 0.989613 0.0159513 
24.202 6.42724 0.997763 -0.0108129 
25.6293 10.7669 1.00502 -0.00530467 
23.4707 3.55018 1.01615 -0.0128316 
22.756 6.1508 0.985511 -0.0661543 
16.642 10.2816 1.01226 -0.0676941 
20.7305 8.9152 0.998733 -0.0317812 
16.6598 11.8801 1.00555 -0.0236097 
22.312 9.39171 0.996357 -0.0229832 
18.7041 8.4097 0.995311 -0.0661224 
15.3748 5.80766 0.998847 -0.0745058 
24.2354 14.5144 1.02138 0.017244 
24.9983 14.5455 1.02188 0.0123864 
20.2267 3.8532 1.0017 -0.0180914 
27.7156 13.6223 1.00627 -0.028109 
18.5224 2.99346 0.998806 -0.0374741 
26.2977 12.9138 1.00674 0.00785213 
18.9264 3.61484 0.984483 0.0148064 
21.2274 7.77764 0.995497 -0.0562173 
16.0743 5.39431 0.961855 0.0500069 
24.2894 13.1891 0.99468 -0.0177321 
20.661 8.17551 0.999989 -0.0296631 
15.2148 11.8806 0.994641 -0.0465873 
19.3235 12.5908 0.996174 -0.0412857 
15.6168 0.464741 1.01475 0.0140194 
18.9092 1.09087 1.01502 0.0261447 
27.9558 10.7741 0.985336 0.0204313 
14.1515 1.73157 1.00635 0.0371187 
27.1713 9.78353 0.997831 0.0330064 
27.1064 4.39725 0.970392 -0.0543073 
25.9889 5.50755 1.01387 -0.0367371 
17.3836 8.41142 1.00087 -0.0580086 
21.1741 14.533 1.02153 -0.0338522 
25.3482 11.9828 0.98866 -0.0186247 
19.273 1.73162 0.988446 0.0176844 
26.9852 9.07053 1.00285 -0.0119662 
23.99 3.0195 0.988643 -0.0668726 
15.8939 14.5213 0.996571 -0.0364301 
20.0575 12.5628 0.999209 -0.0512687 
14.8647 3.07186 1.00165 -0.0456034 
16.0544 9.17055 0.98445 -0.0450281 
22.4239 7.41899 0.980255 -0.0818755 
18.0548 8.03797 1.0051 -0.0230495 
19.6807 13.2269 1.02189 -0.00599712 
15.3027 3.64693 1.00049 -0.0501932 
27.4628 1.12572 0.985008 0.0236408 
14.823 8.47714 1.01207 -0.109259 
15.9025 13.2475 1.00045 -0.058326 
16.7309 7.28295 1.0052 -0.103524 
21.6923 7.23876 0.964213 -0.0672192 
15.6312 3.03001 0.977925 -0.00652543 
21.3563 10.6076 1.00396 -0.0416347 
21.6283 11.2933 0.986526 -0.0351894 
18.552 13.8823 0.996938 -0.0272954 
20.0468 13.8775 1.01889 -0.0490052 
25.4535 6.04687 0.997696 0.0297354 
21.1126 1.13095 0.986849 -0.000474557 
15.3683 6.53694 0.992637 -0.115634 
16.7073 1.09296 0.998446 0.0366594 
18.8925 2.35715 1.00027 -0.00829848 
20.5814 5.70958 0.999449 -0.0399179 
21.6374 4.55367 0.989682 0.0244383 
20.3263 2.42105 0.989032 -0.036086 
19.9109 3.1964 0.984188 -0.0309163 
27.5342 3.789 0.935952 -0.0806624 
24.3851 11.114 1.00641 -0.0242482 
26.364 3.03861 1.09415 0.0213898 
26.3545 1.7909 1.00513 0.0150661 
20.7932 13.8886 0.995361 -0.04449 
18.1848 13.2388 1.00334 -0.0664723 
24.6226 13.8774 1.02714 0.00556963 
16.7292 8.02949 1.00664 -0.10388 
14.0221 6.56575 1.00186 -0.0741896 
14.0156 5.82593 1.00588 -0.0094393 
14.0094 7.32482 1.01067 -0.0261722 
14.007 12.6165 0.999306 0.0227414 
14.0028 5.07394 1.02419 -0.0348519 
14.0012 13.8762 0.991014 -0.00707829 
10.1733 6.04956 0.992438 -0.0132883 
9.36597 13.2332 0.988618 0.0120484 
10.8063 3.64486 1.01672 -0.0802861 
5.61881 9.02361 0.994121 6.53142e-05 
0.403005 1.12154 0.987996 0.0373191 
3.5884 8.7124 1.01161 0.00191723 
5.71271 0.477055 1.01137 0.00365205 
9.45087 3.75984 0.986223 -0.143021 
8.40853 7.15868 1.0378 -0.0152482 
0.720436 10.4918 0.994462 0.014493 
5.61175 13.1993 0.993657 -0.0315981 
0.159651 5.61911 1.09591 -0.041014 
4.53991 6.91296 0.974272 -0.0362947 
1.09975 14.5261 0.986044 -0.00945982 
0.728883 5.01811 0.928577 0.0170525 
12.3692 14.5324 0.990837 0.0420397 
5.79831 7.385 0.969529 -0.0264422 
3.01876 12.6621 1.01042 -0.0158804 
11.4183 9.16758 1.01175 -0.0464957 
7.11757 13.1758 1.00338 -0.0244994 
13.8178 8.07453 0.98646 -0.096928 
12.5676 1.11805 1.0014 -0.00867227 
6.70576 2.95936 1.03844 0.0418071 
5.23921 13.8578 0.995076 0.00511709 
2.10563 11.0099 0.981485 0.0126955 
5.82599 3.83506 1.01275 -0.00829608 
12.2024 1.804 1.01263 -0.0965743 
10.9447 5.03155 1.00709 -0.0277531 
4.996 1.98164 0.985082 -0.0371908 
6.31564 7.93138 0.990393 -0.0277189 
3.39774 10.8253 0.99737 0.00835731 
7.16074 1.69369 1.03233 0.0369231 
6.24274 9.44924 0.992402 0.0528262 
11.2455 13.8751 0.989702 -0.0386841 
2.22132 11.7545 0.99029 -0.00951308 
1.1627 2.38787 0.993395 0.040806 
10.1266 14.5237 1.00421 -0.0111273 
0.403617 2.41159 1.00243 0.0608972 
1.69601 4.38771 0.965077 0.00811274 
13.1518 11.9514 1.01959 0.00540933 
5.99776 13.8478 0.98766 -0.0234876 
8.22557 12.5445 0.974751 0.018781 
11.3774 11.3129 1.00431 0.0219908 
9.05331 4.34551 1.0705 -0.0691232 
3.96941 2.99941 1.01827 -0.00207535 
10.7186 2.9708 1.00332 -0.0594595 
4.36078 9.79059 0.985389 -0.00417198 
4.67649 1.07495 1.03925 0.0458925 
13.2747 2.40778 0.993496 -0.0400462 
2.18751 0.467682 1.00615 0.0231853 
12.1739 4.20287 1.01876 0.0460478 
3.59884 0.450552 0.995724 -0.00469873 
10.0388 3.1887 1.02369 -0.0562023 
6.48639 7.15465 0.969767 0.0506407 
5.62102 9.81375 0.998104 0.0133305 
9.6499 4.74864 1.01262 -0.0157782 
12.8088 9.19623 1.0018 -0.0284196 
6.42587 0.451737 1.02143 0.0103058 
6.66054 6.38009 0.986482 9.21736e-05 
4.30166 9.0563 0.991948 -0.0139469 
9.51282 8.72794 1.03107 -0.00149567 
0.191547 11.7348 1.00124 -0.0308757 
11.9998 12.5908 1.00796 -0.000892607 
1.28123 9.99926 0.996149 0.00544224 
8.77016 11.2961 0.945142 0.00098502 
3.39447 13.246 1.00578 0.0157573 
12.0738 8.03996 1.01396 -0.0725203 
6.74752 13.8526 1.00273 -0.0360822 
11.5978 4.64197 1.0093 -0.0124975 
3.17324 7.31008 1.00498 -0.0113395 
10.1211 13.2181 1.00176 0.0563213 
12.9197 1.77411 1.00508 -0.0121284 
1.46967 0.45313 1.0135 -0.00426981 
12.8383 6.92698 1.03114 -0.0683501 
7.94221 11.754 1.02921 0.00490629 
13.4912 5.07901 1.00607 -0.00421838 
3.02022 9.20303 1.00334 -0.000719991 
10.1082 10.5985 0.993985 0.023916 
10.7839 10.246 0.989102 -0.0357384 
8.2331 8.64472 1.01375 0.018731 
2.57136 13.2248 0.976156 -0.0145178 
12.7912 10.6568 1.0241 0.00713651 
4.9082 11.027 0.978761 0.0203045 
8.6181 3.07163 1.03284 -0.0823313 
2.89058 0.458886 1.00006 0.0208886 
6.31091 11.8523 1.00563 0.0111383 
2.224 13.8541 1.01201 -0.0113092 
4.30251 7.62373 1.00744 -0.038137 
9.38584 11.817 0.976613 -0.00390011 
7.52056 1.09134 1.03302 0.0438083 
10.2363 5.33205 1.01104 0.0127782 
4.84797 13.193 0.987842 0.00442948 
11.8465 2.49325 1.01702 -0.0503746 
8.86223 5.79703 0.989883 -0.0446345 
7.65605 4.70483 1.04324 0.099351 
9.29481 1.76746 1.03794 0.0140506 
6.24254 8.67047 1.00851 0.0217762 
2.98846 13.8669 0.992356 -0.0189795 
0.0376212 1.76622 1.0103 0.0248789 
13.4696 9.5606 1.00123 -0.0770552 
7.15046 0.465764 0.999131 -0.0206062 
10.3951 1.09033 1.00971 0.0166601 
4.9651 8.73354 0.997462 0.006768 
5.5992 12.0056 1.01111 0.0333906 
8.99233 13.8795 1.00483 -0.0123565 
6.77273 1.08994 1.02719 0.0417554 
7.12886 4.15081 1.03314 0.0335755 
3.96281 6.39769 0.990642 -0.0551484 
7.87601 0.459146 0.995362 -0.00318194 
12.8493 5.41679 1.01733 -0.031147 
7.4794 11.1623 1.00813 0.0274131 
13.8759 14.5395 0.989103 -0.00759475 
5.08454 7.41462 0.970937 -0.0507139 
10.1053 12.0029 0.982647 0.089172 
7.49378 13.8426 0.996794 -0.0158755 
12.3739 13.2441 0.990299 0.0532 
8.76681 6.54928 0.964415 -0.0705683 
7.56538 8.90005 0.988195 -0.014251 
10.7784 9.50872 0.999824 -0.0214366 
6.18794 10.9825 0.971606 0.0517688 
4.26518 4.95514 1.02473 -0.0593447 
1.51102 13.9089 1.00613 -0.03163 
9.37388 14.5194 0.993845 -0.00908458 
9.31738 3.07206 0.984432 -0.0695585 
2.56094 1.12148 0.99533 0.0350102 
6.36875 14.5192 0.994213 0.0162263 
4.39666 4.21655 1.01026 -0.0563269 
5.02673 0.461889 1.00926 -0.034403 
4.47957 12.5083 1.00655 -0.00927262 
12.0735 7.27199 1.01536 -0.0656104 
1.14179 13.3187 0.996939 -0.0833011 
5.44094 2.56965 1.00018 -0.0112238 
1.54092 3.01444 0.985316 0.101287 
8.25804 5.28123 1.00216 -0.0143182 
13.6615 0.457372 0.996331 -0.0543124 
12.9334 0.454213 0.985152 -0.0340802 
6.40395 4.35265 1.01161 0.00732583 
12.2135 0.464089 0.990237 -0.0286832 
13.4596 10.3368 1.00091 -0.0130034 
1.51591 5.93175 1.10771 0.0469596 
2.71372 2.4399 1.00581 0.0216268 
12.6535 8.49465 1.005 -0.0750012 
9.66179 1.10424 1.00394 -0.00719205 
8.85797 9.06323 1.01932 -0.0205952 
13.1234 14.5295 0.993321 0.0153774 
2.01081 7.37679 1.02113 0.0140783 
2.67734 10.5256 0.982454 0.0172789 
3.5418 7.93815 1.00095 -0.0130732 
0.769772 1.76208 1.0191 -0.0446697 
5.56799 10.5952 0.981337 0.0117644 
13.8722 11.9728 0.978443 0.00263092 
11.462 9.88721 0.99624 -0.0402137 
9.44895 11.0028 0.978074 0.0898936 
1.525 11.4978 0.992494 -0.0267019 
12.6814 7.62 0.995562 -0.0700325 
3.75658 13.8694 0.991673 -0.0187966 
11.442 3.10011 1.01854 -0.0496292 
3.37448 14.523 1.00637 0.00603898 
2.12703 5.62265 1.00477 -0.0574026 
10.1359 6.80147 1.01357 0.00361939 
13.1237 13.2539 0.984577 0.0263597 
7.89735 6.68232 1.00021 0.0417236 
8.28163 7.89637 1.02908 -0.00292888 
2.66103 3.51629 1.00505 -0.00325801 
7.51289 12.5241 1.01343 -0.0299836 
2.91479 8.42983 0.999923 0.0195113 
2.65667 7.74316 1.01574 -0.00257826 
2.62182 14.5185 0.995633 0.00875489 
5.60578 8.19111 1.00082 -0.0189655 
7.26082 3.42735 1.02797 0.0252566 
5.34705 1.18827 1.05114 -0.0107925 
3.44206 2.42706 1.00242 0.0151569 
9.0071 12.5688 1.00809 0.00474684 
0.518613 3.66554 1.00548 -0.0172976 
2.8044 11.2597 0.993676 -0.0181049 
9.54873 7.95617 1.0192 -0.0284469 
7.60763 8.16089 1.01177 0.0027876 
5.25921 6.72702 1.00451 -0.0629767 
0.0296344 10.2622 0.996323 0.0106607 
10.8719 14.5244 0.992157 -0.0275497 
8.96752 5.07032 0.99094 -0.0457417 
5.69498 1.81936 1.03255 0.0285761 
12.1366 9.56217 1.00148 -0.0268458 
6.14143 2.41242 1.01347 0.0119341 
11.492 0.460446 1.00934 0.00542001 
7.53783 9.63702 0.978188 -0.0406702 
4.18104 2.32763 0.99365 -0.0195268 
6.21917 10.2308 0.98288 0.0509413 
11.2336 12.5418 1.01394 -0.00441145 
3.83144 7.10936 0.988396 -0.0321744 
5.6193 14.5122 1.00515 -0.0123215 
5.20167 12.5696 1.00014 -0.00981869 
7.84406 1.81911 1.01029 0.0390183 
3.37657 5.89803 0.996287 -0.0555071 
5.57229 11.3308 0.994119 -0.0100792 
10.339 4.62487 0.990365 0.00179387 
13.2915 1.09579 0.994675 -0.00937944 
0.859276 5.73235 1.07851 -0.00985828 
6.40994 1.71621 1.02457 0.00690254 
8.84029 9.80598 0.991833 -0.0667448 
1.80071 9.47643 1.00244 -0.0190331 
4.20654 8.3381 1.01422 -0.0242915 
6.24255 5.08415 1.02473 0.0399594 
4.12918 14.5226 0.992718 -0.0135828 
5.40161 6.00355 1.00534 -0.0619728 
1.9789 10.2519 0.984566 0.00537027 
10.8762 5.75157 0.999261 -0.0311132 
7.92914 3.19783 1.04125 0.0545871 
0.136925 11.007 0.997175 -0.0196562 
7.37255 6.1645 0.977526 0.0559743 
3.70606 4.47186 1.00828 -0.0562385 
1.10284 6.51188 1.00154 -0.0204225 
9.75075 13.8797 0.993736 -0.0071138 
10.7857 7.98288 1.00254 -0.0249998 
13.4908 4.35005 0.992817 -0.0207216 
11.4501 10.6128 0.991668 0.00819935 
8.24403 13.8492 0.993213 -0.036772 
10.7486 10.9883 0.985904 0.0955836 
13.517 6.59047 1.02403 -0.0248691 
10.4993 13.8681 1.00125 0.0228971 
9.55763 5.55916 0.987724 -0.0280928 
2.43514 4.20821 0.994639 0.0147325 
10.5127 12.5723 1.02303 0.0601285 
2.82116 5.41373 1.01394 -0.0407914 
1.47366 5.15524 0.969012 0.0402849 
0.306166 12.4703 0.981412 -0.0520458 
2.26365 2.96755 0.980675 0.03527 
5.53718 5.27583 1.00676 -0.0594984 
12.2054 5.78655 1.00554 -0.0321653 
11.5732 5.4041 0.987251 -0.0430573 
4.73399 2.76256 1.02734 -0.106946 
8.81177 10.5551 0.986952 -0.0462939 
7.1816 6.91482 0.975822 0.0212951 
4.96886 4.7486 1.00017 -0.0391696 
12.0445 8.83405 1.00908 -0.087998 
4.48902 13.8433 0.996941 0.00756636 
0.427045 9.00432 0.995034 -0.0156774 
6.04967 1.10213 1.01683 0.0211153 
5.26936 3.29938 1.01994 -0.0174004 
3.5053 11.5863 0.986371 -0.000650855 
10.1469 3.94785 0.973864 -0.0346145 
10.8736 13.2211 1.00118 0.0255611 
7.47471 2.59514 1.02243 0.0354273 
1.41716 10.7478 0.992207 0.00148678 
13.1736 8.07047 1.01217 -0.0740754 
11.1247 1.10689 0.994004 0.00957979 
13.5047 13.8942 1.00222 -0.0525601 
8.61805 14.5207 0.970948 -0.00249668 
0.808088 3.01696 0.991441 -0.0164278 
10.3613 2.37624 1.01747 -0.0807799 
8.22104 1.12752 1.02359 0.00880498 
10.0096 1.74134 0.992995 -0.0166227 
6.81014 5.62314 1.01545 -0.0251621 
8.93745 1.11108 1.01408 -0.0272122 
2.92301 11.9872 0.982891 -0.023312 
8.35555 4.53582 1.03546 -0.0513196 
3.54315 5.18671 1.00437 -0.0440217 
9.47932 6.34635 0.981988 -0.0749763 
1.51085 1.73466 1.00217 0.017381 
12.7791 11.3522 0.997272 0.0810365 
1.94509 3.6579 1.01142 0.00863803 
2.97312 1.77101 0.988101 -0.00331977 
9.46866 10.2327 1.00998 0.0276283 
11.4342 7.63513 0.998088 -0.0493845 
4.87895 8.05615 1.02756 -0.056416 
12.1253 10.3246 1.01368 -0.0489147 
3.69623 12.4257 0.997512 -0.036595 
0.318421 14.5195 0.991976 -0.000397869 
11.5209 6.14443 0.999665 -0.0323715 
1.6348 12.2492 1.0024 -0.0353344 
8.93235 2.40074 0.982616 -0.113193 
4.98875 9.44777 1.0077 0.035158 
12.8307 4.62324 0.977691 -0.0130879 
4.10414 13.1445 0.998002 -0.0430234 
6.87307 9.89859 1.00112 0.0812617 
8.18534 10.1363 0.985218 -0.0207779 
11.4241 8.39708 1.01033 -0.0416452 
0.383982 6.31714 1.03414 -0.0326069 
0.756733 0.471307 0.99908 0.00314191 
1.50223 7.9439 1.00235 -0.00878138 
13.5021 7.36047 1.00752 -0.112173 
8.61717 13.2007 1.01522 -0.00093966 
4.37847 1.68101 0.967008 -0.00892784 
2.31381 12.495 1.00524 -0.0305988 
0.792964 7.74901 1.00132 -0.00764749 
1.23958 3.68337 0.97593 0.0454541 
0.2413 4.31187 0.986536 0.00851793 
3.69443 9.46863 1.00816 -0.00275951 
4.31502 0.444546 1.01397 0.0188421 
0.909796 11.945 0.987781 -0.0247206 
6.95334 4.89654 1.01748 0.0351804 
7.01622 7.67262 1.01431 -0.0233168 
2.47375 9.71989 0.997392 0.004229 
3.77451 10.2331 0.994096 0.0235485 
11.4591 6.87944 1.01164 -0.0601161 
4.54865 3.48777 1.01777 -0.0467828 
8.95213 7.58305 1.0154 -0.0186728 
12.7453 13.8931 0.997239 -0.0641051 
5.10962 4.0151 0.99967 -0.0523738 
11.6458 11.9445 1.01967 0.0240156 
3.82882 3.69923 1.00128 -0.00169912 
6.01018 12.5801 1.01614 0.00286769 
8.14748 6.01272 1.00203 0.00748014 
3.67563 1.74194 0.980504 0.0325124 
5.68124 4.55336 1.00739 -0.0255389 
7.19161 11.8986 1.02401 0.00656013 
11.4835 1.76967 0.99703 -0.0202153 
6.10564 5.82385 1.01285 0.00336845 
3.133 9.9739 1.00852 0.00903619 
8.5646 1.7774 1.0229 -0.0590581 
11.5612 3.82119 0.99934 -0.037922 
10.036 0.455416 0.99868 0.0272326 
10.8313 11.8201 0.999543 0.0436563 
3.17635 3.98611 0.98892 -0.0147396 
12.1734 6.54965 1.01006 -0.00846268 
9.48929 9.47759 1.01794 0.0127431 
7.87023 14.5143 1.00914 0.000500656 
10.1395 9.11234 1.00894 -0.0361229 
7.12336 14.5154 0.998072 0.0195744 
13.8905 13.2452 1.0055 0.0120834 
3.26214 1.10332 0.998929 0.0473115 
8.20741 9.39093 1.00598 -0.0176091 
7.868 3.94892 0.986236 0.0790914 
10.1297 7.54173 0.991626 -0.0229867 
7.86614 13.1943 0.988937 -0.0177938 
12.7981 9.92515 0.985036 -0.0446237 
10.1244 9.85323 1.02371 0.0077734 
2.61762 6.16691 0.992721 -0.058441 
0.586726 7.03993 0.979464 -0.041796 
6.54264 3.6493 1.0146 0.0382286 
11.6204 14.5231 0.980006 0.0365875 
12.5498 2.50318 0.984162 -0.029106 
2.9763 4.70128 0.995872 -0.0619038 
2.23066 4.91573 0.991787 -0.0284151 
6.84687 2.28474 0.998584 -0.0183673 
1.84222 1.09956 0.998866 0.044877 
12.2202 5.01447 1.0082 -0.035414 
10.106 11.3191 1.00198 0.0431133 
12.7728 3.84771 1.00386 -0.0236874 
0.702896 13.9012 0.993455 -0.011711 
10.7437 1.74981 1.0032 -0.0522574 
13.4874 11.1488 0.983876 -0.0136613 
3.23894 6.60027 0.997879 -0.0327642 
13.4554 3.64877 1.03083 -0.0736661 
0.977174 4.36192 0.989808 0.0649733 
1.03479 12.6436 0.991157 0.00155276 
2.34414 8.95164 1.0073 0.00793183 
9.66525 2.44716 1.0176 -0.0817778 
1.90662 6.54331 1.03934 0.156301 
1.11081 9.24216 0.999983 0.0014351 
3.96532 1.07352 1.00577 0.0301744 
8.89361 8.32786 1.03446 0.00808372 
8.5898 0.4641 0.991697 0.028168 
0.958822 8.48133 0.996588 -0.0224691 
5.98211 3.12108 1.01858 -0.0284196 
11.6128 13.2237 1.01122 0.0315943 
4.89358 11.7785 1.00525 0.028267 
0.431063 13.191 0.996634 -0.0222578 
1.82062 13.0803 0.999001 -0.0188515 
4.10978 11.1597 0.987901 -0.0141709 
10.1592 8.34835 1.01895 -0.00947011 
12.1752 3.30094 1.0118 0.00665251 
3.23657 3.12043 1.02028 0.0318223 
11.9937 13.8833 0.992775 -0.0660034 
10.7933 7.23523 1.00616 -0.0578612 
13.5135 5.82915 1.01292 -0.0289219 
8.14398 10.9003 0.990475 0.0120276 
4.82691 5.47439 1.00942 -0.037651 
7.54015 5.44223 1.00351 0.058424 
1.90788 2.37029 0.930335 0.0574325 
8.60476 3.78746 0.94717 -0.0186848 
13.5077 12.614 0.996899 -0.0352249 
8.19244 2.45289 1.0164 0.0084934 
12.9162 3.11792 1.02405 -0.0697464 
13.6517 1.75034 0.991093 -0.0827991 
7.71319 7.41804 1.02525 -0.0154507 
2.25398 1.75791 0.983906 0.0661183 
0.581887 9.75716 1.00216 -0.028585 
6.84979 10.6271 1.00276 0.0617844 
1.8766 14.536 0.983253 -0.0240983 
10.8179 6.48964 1.00352 -0.015807 
2.54839 6.90868 1.03883 -0.00992693 
4.87052 14.5139 0.999285 0.00874705 
11.8479 1.11792 0.984142 6.05917e-05 
1.6382 8.72981 1.00842 -0.00266406 
4.99887 10.191 0.988016 0.0222283 
10.785 8.75945 1.0068 -0.0719959 
0.83003 11.2262 0.997138 0.00123785 
13.6718 2.99993 0.988838 -0.0875139 
11.1185 2.39506 1.01719 -0.0594225 
6.74731 12.4958 0.992477 -0.00112632 
12.3693 11.9288 0.994296 0.00871278 
0.256503 8.268 1.00158 -0.0204736 
6.89261 9.15478 1.01354 0.080383 
1.12252 1.11266 1.00812 -0.000585757 
10.7684 0.460076 1.00917 0.00335608 
4.39445 10.5293 0.989806 0.00577047 
2.16449 8.23081 0.991936 -0.012917 
12.7527 12.5909 0.999099 0.0174909 
12.0847 11.112 1.00355 0.0249972 
9.72169 12.5872 1.02236 0.0669162 
10.9719 4.30569 0.993159 -0.0271074 
1.32555 7.19777 1.0007 -0.0133602 
5.96151 6.59614 1.00006 -0.0226153 
13.4823 8.78159 1.02681 -0.0887736 
6.38524 13.1982 1.01146 0.00630153 
7.52198 10.4003 0.985586 -0.0100373 
12.8557 6.18527 1.00055 -0.0464277 
4.10896 5.67408 0.990036 -0.055387 
4.1781 11.8625 1.01129 -0.010342 
9.45728 7.09099 0.950605 -0.0924718 
9.31105 0.4596 1.00684 0.0373732 
8.63753 11.9739 1.0137 0.011357 
6.78901 11.3347 0.99174 0.0408655 
6.92857 8.41456 1.00069 0.0447364 
4.68409 6.19414 1.0042 -0.0484259 
0.06118 7.54822 0.983285 0.0148535 
0.0498331 3.07272 0.979933 0.0134532 
0.0443302 0.464594 0.998904 -0.0115282 
22.9767 14.516 1.02109 0.0120733 
24.627 7.34474 0.990162 -0.0812105 
18.1678 9.20239 0.982237 -0.0713875 
23.0874 9.01553 0.990015 -0.0580073 
21.3696 5.28782 1.00586 -0.0479434 
17.3154 12.6255 1.01087 -0.0262059 
15.5666 6.9251 1.01918 -0.0514813 
14.1431 4.71348 1.02202 -0.0882916 
26.1577 10.2982 1.00348 -0.0414768 
20.8424 3.12391 1.00145 0.0059052 
15.574 7.68317 1.01889 -0.0436158 
27.9987 4.94345 0.937451 -0.0545983 
20.111 10.4516 1.01126 -0.0403752 
17.2892 1.7464 1.02187 -0.082037 
25.9635 9.59529 1.0002 -0.0252744 
17.1995 4.99225 1.00672 -0.0656569 
17.3093 0.450374 0.999211 -0.0182841 
15.8382 1.74193 1.00418 -0.0547072 
21.4315 14.5417 1.02485 -0.004976 
20.6987 11.9204 0.991378 -0.0201726 
25.0132 3.24093 1.01561 -0.141843 
18.4686 11.969 0.987434 0.0172758 
25.1997 0.465234 0.987921 -0.0295792 
16.1804 13.2813 1.00463 0.026858 
16.5475 13.9194 0.997244 -0.0600632 
26.2849 8.37275 1.00837 -0.0183059 
26.0504 5.00713 1.01572 0.00845528 
25.3515 14.5043 1.00043 -0.0247349 
15.4798 9.91655 1.0035 -0.0483065 
25.6814 6.23844 0.987114 -0.0693443 
26.6166 0.476423 0.985028 -0.0273433 
18.7695 10.3627 0.985713 -0.0487103 
18.9206 7.37945 1.01703 -0.0199589 
14.1401 9.2104 0.998603 -0.0708962 
21.7562 3.99579 1.00346 -0.0341622 
14.9295 8.85263 0.992949 -0.102638 
27.4395 5.37331 1.01553 0.0241704 
14.7732 4.36333 1.04682 -0.02286 
17.5693 7.31216 1.0114 -0.00439942 
27.5856 14.4384 0.987078 -0.0257976 
16.9213 13.2458 0.985441 -0.03438 
19.4818 4.54738 0.993799 -0.0200228 
20.3356 7.20458 0.998452 -0.00956666 
25.5372 1.11858 0.979774 0.00147017 
24.6124 11.3031 1.01403 -0.00628674 
22.9853 6.32636 0.991078 -0.0552157 
24.4408 3.84406 1.00012 -0.0313209 
14.8073 9.57047 1.00014 -0.0931283 
21.8847 11.3726 1.00535 -0.00459569 
22.1054 10.1156 1.01449 -0.0528091 
19.5141 1.76959 0.976802 -0.0302505 
19.5537 6.22208 1.00135 -0.0417485 
26.9042 11.9739 1.01122 -0.0375327 
26.2511 1.13644 0.987898 -0.0190559 
19.1362 2.41546 0.988543 -0.00694765 
21.3466 1.18245 0.946695 0.0132219 
15.0113 12.6384 1.00409 -0.0415695 
17.2972 13.8929 0.991882 -0.0452702 
23.337 5.00188 0.986126 -0.0800682 
19.5086 0.462394 1.00036 -0.0157879 
18.2481 4.29493 0.988215 -0.0214691 
18.7852 4.78799 1.00951 -0.023716 
14.1268 9.92959 1.01993 -0.09891 
19.0058 3.98551 1.01031 -0.00607384 
25.7644 8.89955 0.997336 0.0503713 
23.8187 9.15028 0.997677 0.0143238 
19.8821 1.11748 0.983777 -0.0251361 
27.1983 9.27606 0.996365 -0.00837305 
17.6673 11.939 0.998674 0.00379966 
26.1025 14.5147 0.993258 -0.0250467 
26.3556 3.7316 0.920637 -0.129467 
18.4304 5.44212 0.997614 -0.0170293 
20.6645 5.13162 0.98622 -0.0319261 
24.31 12.58 0.998308 -0.0225472 
17.5034 9.57662 0.991951 -0.120588 
14.9413 7.29884 0.996771 -0.111948 
23.7137 1.79114 0.99302 -0.042699 
26.2121 5.71689 0.998923 -0.0299001 
24.8277 1.12555 0.973657 0.0447591 
27.6819 1.11974 1.01141 0.00955729 
26.6057 7.1503 1.00287 -0.0551484 
17.5315 8.81423 1.01381 -0.0610962 
18.0419 0.459495 1.00914 -0.0299064 
25.4282 2.42839 1.02151 0.0849453 
24.5474 9.29759 1.00619 0.0225256 
17.9268 4.96153 0.9756 -0.00178456 
15.819 12.6518 0.957211 -0.0543309 
16.986 3.73513 0.993405 -0.0671128 
15.0158 13.9079 0.994275 -0.0713029 
25.3147 4.80322 1.01154 -0.0290656 
15.5644 8.44043 1.00407 -0.0815275 
26.9442 2.4313 1.01892 0.0145345 
23.7071 3.72927 1.00126 -0.0868923 
16.9013 6.2857 1.03518 -0.0995101 
18.0646 12.5925 0.978855 -0.0630234 
16.7991 10.6665 1.00555 -0.0631266 
14.2822 12.5776 0.995917 -0.0141646 
20.2404 1.78427 0.999302 -0.00375612 
25.1533 6.77847 0.983687 0.0314101 
22.661 7.60991 0.98392 -0.0215374 
19.6135 6.96001 0.991008 -0.0511724 
27.3534 10.0144 0.990313 -0.00894635 
22.7173 2.83378 0.98885 0.00808075 
24.5318 13.2785 0.990743 -0.0287089 
22.8658 8.30889 0.992604 -0.0548178 
16.2162 8.82609 1.00766 -0.0868528 
19.446 9.96096 0.982271 -0.0981801 
22.1384 8.16709 0.973118 -0.0340518 
18.0276 1.73078 0.993109 -0.0369424 
16.864 9.19269 1.00854 -0.0724222 
22.058 1.27304 0.994104 -0.0158329 
26.1989 2.40278 1.00402 -0.0107673 
25.8105 13.8052 1.01022 -0.0211792 
15.4055 4.68392 1.05372 -0.00343127 
27.0383 12.7713 0.994105 -0.0199308 
24.1063 7.89551 0.987826 -0.00978538 
25.4802 10.1648 1.00069 -0.0555387 
17.6504 2.38065 1.0172 -0.029271 
22.3657 10.8083 0.995526 -0.0191054 
16.8978 6.99793 0.98274 -0.0631168 
22.2511 3.41047 1.00864 -0.0422064 
22.0806 5.4563 0.993778 -0.0123882 
25.1336 1.77591 1.01889 0.0419516 
19.1686 14.5351 1.02481 -0.0179829 
19.5206 8.48494 0.974559 -0.0907414 
26.5939 1.77702 0.997778 0.00767212 
23.3359 9.71287 1.00417 -0.0171781 
26.7377 11.2269 1.00468 -0.0373027 
18.9005 5.94926 0.984274 -0.0679408 
23.2358 2.35231 0.9811 -0.0071201 
27.8916 9.51159 1.00521 -0.00447646 
23.0424 13.1624 0.997605 0.0200776 
18.7507 3.0033 0.993404 -0.00283344 
21.5257 6.02476 0.99644 -0.0500124 
17.6662 14.5307 1.00559 -0.0191578 
15.4785 1.0895 1.00299 -0.014099 
27.3334 7.33782 0.994351 -0.0690549 
22.0041 2.66346 0.987594 -0.0303119 
26.5327 13.9085 1.00884 -0.0059964 
23.1806 7.03599 1.00198 -0.047822 
25.8867 4.32333 1.00594 0.0141089 
17.7208 3.67299 0.989417 -0.0242472 
16.0945 11.059 0.995495 -0.0156601 
25.3509 7.49388 1.0021 -0.0213223 
14.1225 10.6677 1.00009 -0.0413749 
14.6314 13.2721 1.00623 -0.00225247 
18.8334 8.8428 0.997407 -0.0707462 
14.75 1.10498 0.983256 -0.043074 
19.1518 1.10875 1.00988 -0.0786265 
20.3994 3.70848 1.01922 -0.00493651 
18.1221 11.3723 1.01087 0.00123651 
27.7274 8.769 0.99974 0.0281141 
18.7959 13.8864 0.996069 -0.0301161 
27.4793 11.4925 0.986566 -0.0130056 
19.9191 14.5334 1.00415 -0.0104352 
24.7244 2.52214 0.987876 -0.0405114 
16.2249 6.58954 0.992391 -0.0685121 
16.8342 9.94452 0.99787 -0.0998684 
16.579 3.05273 1.01396 -0.0730576 
27.0122 8.56404 0.992064 -0.0114545 
16.8863 5.60108 0.965431 -0.0690061 
22.9279 12.1885 1.00669 -0.0586998 
21.7636 12.6623 1.00724 -0.00532972 
20.3657 11.2079 0.980437 -0.0589843 
26.3979 6.4365 1.00411 -0.0196014 
21.6027 10.6929 0.989709 -0.0394345 
15.8482 0.447111 0.993986 -0.0344971 
27.3169 1.77675 0.991874 -0.0376118 
22.6196 13.8627 1.01416 -0.0147794 
23.6162 10.4168 0.99784 -0.0484073 
16.5811 0.454946 1.00509 -0.011056 
26.1539 11.694 1.0058 -0.0502599 
21.8095 13.926 1.01077 -0.0175809 
20.997 9.26067 1.00596 -0.0155157 
17.6372 5.71871 0.952464 -0.0331403 
14.9196 8.07191 1.04541 -0.0987878 
26.8054 10.521 0.992512 -0.00527453 
25.2598 9.44096 0.991753 -0.0363918 
25.3939 11.4819 1.00235 -0.0446875 
24.77 5.33597 0.997068 -0.036868 
16.5396 12.6064 1.00141 -0.0474549 
16.2592 3.7192 1.0159 -0.0764051 
24.8823 13.9531 1.01398 -0.0105388 
16.9369 1.09477 1.00103 -0.0690167 
15.1153 1.75453 0.99908 -0.0210309 
22.5781 9.5556 0.999805 0.0162616 
27.3969 4.53448 0.887508 0.0106245 
19.4098 10.6683 1.01062 -0.0431346 
14.6334 14.5368 1.0019 -0.00711552 
24.7863 10.0051 0.990651 -0.0295077 
20.8058 5.86659 1.00008 -0.0301838 
20.8549 8.52627 0.988137 -0.0526451 
26.0801 7.67295 0.993268 -0.0201755 
16.1878 9.57315 1.01151 -0.0997794 
20.9664 6.5933 1.00893 -0.0846909 
18.8098 9.59787 0.980344 -0.10398 
20.2461 6.47655 1.0025 -0.0453067 
20.9574 0.483824 0.981825 -0.0628824 
14.7991 10.3152 1.00129 -0.0570152 
27.2893 3.1195 1.04555 -0.00719024 
17.4269 11.1521 0.994728 -0.0412698 
22.4555 4.14505 0.999025 -0.088577 
24.1018 11.8784 0.998704 -0.0420379 
20.2409 0.481392 0.983752 0.0177829 
22.7112 1.06072 0.998474 0.0153683 
23.1315 10.9576 1.01065 -0.0256567 
23.7929 0.469809 0.986442 -0.0405443 
24.8323 8.03891 0.976283 0.00442562 
21.2932 2.53104 0.999338 -0.0077738 
24.2414 5.91236 0.985951 -0.0250123 
16.559 1.74838 0.999418 -0.043346 
17.5726 6.54587 0.997663 -0.0197365 
25.637 3.66256 0.920158 0.0138738 
25.6083 12.1968 0.996905 -0.0459612 
27.7147 13.0398 0.997016 -0.0458701 
24.4334 1.83323 0.986251 0.010768 
16.2022 5.8391 0.997107 -0.079579 
21.8871 4.72209 1.00572 -0.0435638 
16.3271 5.08471 0.921204 -0.0648057 
20.681 9.92779 1.0017 -0.0674316 
27.8529 6.81426 0.998005 -0.0487149 
20.9862 1.83433 0.984784 0.0446215 
15.4391 12.0726 0.999147 0.0204077 
22.4527 6.89273 0.982063 -0.0290842 
23.0821 0.443286 0.981423 0.0174923 
20.5646 2.43897 1.00419 0.0298553 
26.9134 5.89394 1.01425 -0.0813167 
17.3005 3.06363 0.996159 -0.0465108 
25.9106 0.471301 0.984432 0.00230657 
26.4588 13.2098 1.00847 -0.0278968 
22.9937 1.68937 0.997166 -0.00804846 
15.4877 2.40425 0.989178 -0.0700479 
19.1996 11.9044 0.996191 -0.00443882 
20.3041 12.5949 0.990934 -0.00451891 
18.1247 10.6806 1.01122 -0.0389071 
16.0354 4.3998 0.991022 -0.106438 
15.8491 3.11419 0.992572 -0.0948362 
27.6706 2.43602 1.00966 0.0148443 
18.8425 11.1875 0.993641 -0.0545853 
24.2545 3.13798 1.01078 0.0128413 
18.8944 8.10212 1.00066 -0.0606053 
14.2512 13.9046 0.991646 -0.0424016 
21.4214 8.01154 0.971686 -0.057508 
20.0704 9.62899 0.992958 -0.0517741 
22.1782 12.0486 1.0131 -0.0329567 
16.8943 7.71957 1.00477 -0.0632419 
17.494 4.33894 0.989207 -0.0457105 
19.4806 9.20729 1.00567 -0.061301 
14.7511 2.42134 0.992343 -0.0399801 
16.9255 2.39767 1.02408 -0.110135 
23.9041 7.18645 0.980664 -0.0590939 
21.0333 12.619 0.996788 -0.0208518 
22.3523 0.457913 0.985582 0.00750261 
14.191 11.3768 1.00155 0.0371096 
15.4525 11.4015 1.00779 -0.0700227 
25.0481 12.696 1.00992 -0.0390931 
15.7786 13.9092 1.0027 -0.0520932 
16.1976 2.41379 1.00823 -0.0742513 
16.7285 11.3765 0.980355 -0.0155876 
17.6647 1.08784 1.01117 -0.106797 
14.1693 5.47075 0.989563 -0.0444321 
26.5519 3.06023 1.08971 -0.0284235 
20.6631 13.2523 1.01633 -0.0248767 
18.1403 9.94538 0.985212 -0.0883372 
23.9929 2.45713 0.979556 -0.0117239 
21.6655 0.521275 0.979936 -0.0197926 
25.9341 10.96 0.992947 0.0162645 
26.8789 14.5267 0.983144 0.0110794 
22.8578 10.2557 0.996816 -0.0525151 
18.2207 6.21122 0.981995 -0.0352087 
18.4209 14.5359 1.00085 -0.0446764 
16.9169 14.5327 1.01059 -0.0412037 
24.0558 5.17557 0.9949 -0.0109052 
18.2352 6.96182 1.00823 -0.0420951 
21.4371 11.9868 1.00549 -0.026649 
19.9177 13.2483 1.00294 -0.0499347 
18.7785 0.461938 1.00196 -0.0047437 
19.9701 11.9435 0.99 0.0129941 
27.1161 6.62241 0.998161 -0.0772578 
14.127 3.92261 1.00471 -0.06668 
16.1543 14.5328 1.0001 -0.00466762 
22.8036 5.59894 0.982317 0.0165131 
14.8255 11.0648 0.996836 -0.0198763 
16.7434 4.42641 0.988901 -0.0248189 
24.491 0.477109 0.999165 0.0276559 
21.0373 13.9157 1.01973 -0.0214706 
14.0309 2.38782 1.01258 -0.0529466 
21.3773 9.99292 0.999523 -0.0333015 
17.468 10.3555 1.0034 -0.0443333 
22.2226 14.5262 1.00042 0.0170789 
25.1121 4.09964 0.959837 -0.045506 
20.1097 3.07426 1.00253 -0.042211 
21.5781 8.72288 0.993605 -0.0472609 
25.8741 6.96743 0.989924 -0.0541765 
23.169 4.27368 0.988398 -0.0365596 
24.0739 9.85421 0.996167 -0.0451126 
18.9109 6.65826 1.00531 -0.0595129 
25.2547 13.3732 1.00386 -0.0269601 
23.5715 12.4852 0.996858 -0.00249607 
23.8896 4.43711 0.989739 -0.0354209 
25.0451 8.73239 0.99598 -0.00271203 
24.4291 6.62488 0.983607 -0.0412536 
19.9624 5.03773 0.993541 -0.058986 
14.3886 0.452991 1.00669 -0.0547575 
27.7684 3.76383 0.970499 -0.00141941 
22.4918 12.7172 1.01494 -0.0231345 
25.5577 8.20147 1.00573 -0.0387286 
22.6467 11.4888 0.986254 -0.00382153 
15.5444 6.16559 0.995721 -0.0255256 
23.368 13.8422 1.00452 -0.0144778 
24.5862 4.60632 0.977218 -0.0293941 
27.6003 12.2617 1.00332 -0.0229238 
19.6406 11.3076 0.993947 -0.0394958 
18.2333 7.71238 1.00576 -0.0755077 
21.0692 3.83943 1.02406 -0.0066832 
21.4083 13.2883 1.00711 -0.0173443 
21.5505 3.26002 1.01384 -0.0134731 
22.1654 13.3188 1.03812 0.00841654 
26.3446 12.4357 0.985281 -0.0277679 
19.3087 5.36446 0.990865 -0.0530885 
23.4007 11.6651 1.00346 -0.0456153 
23.5927 8.44762 0.983264 -0.0352699 
27.3308 0.460509 0.994882 0.0169712 
23.5233 5.72806 0.995111 -0.0745345 
18.4302 13.2477 1.00757 -0.0155778 
16.9427 12.0172 1.01649 0.00349331 
15.4628 10.6518 0.999531 -0.0503189 
22.3319 8.85986 1.00006 -0.0371511 
24.3225 8.59812 0.98993 -0.0706156 
19.615 7.70329 1.01456 0.00314301 
20.3591 4.41543 0.975955 -0.0192186 
24.1245 1.14868 0.974381 -0.0219107 
22.6115 4.87816 0.986965 -0.0462953 
23.3847 7.74978 0.988296 0.0015014 
26.8127 7.86364 0.995313 -0.0421831 
21.7103 1.91102 0.987112 -0.0365077 
26.771 5.1394 1.04949 -0.106979 
21.7244 6.72814 0.987411 -0.0546103 
14.8174 5.11811 1.02183 -0.0502116 
22.4214 2.07441 0.97657 -0.0362074 
15.493 3.86228 0.987787 -0.105737 
27.9571 13.7884 1.0027 -0.0212914 
23.4228 1.09667 0.996612 -0.0318183 
24.3694 10.5837 1.01455 -0.0365547 
23.706 6.45117 0.981648 -0.113157 
25.1281 10.7723 1.0037 -0.0437136 
22.9688 3.56257 0.996799 -0.0172641 
22.2603 6.18269 1.00115 -0.0263204 
16.1405 10.3102 0.994502 -0.0454464 
20.2329 8.92735 0.999229 -0.0344151 
16.1549 11.8843 1.00307 -0.00200458 
21.8164 9.41397 1.00002 -0.0441692 
18.2025 8.44955 1.01425 -0.0991639 
14.8758 5.83188 0.996993 -0.0527342 
23.7208 14.5162 1.02975 -0.0262186 
24.4888 14.5383 1.02119 -0.0125591 
19.7263 3.86649 0.993467 -0.0160501 
27.213 13.6334 0.994829 -0.0471284 
18.0224 3.00403 0.999999 0.0131964 
25.7986 12.9301 0.995271 -0.0567958 
18.4247 3.61445 1.00467 0.0147046 
20.728 7.79365 0.988771 -0.00380435 
15.5818 5.38951 1.00052 -0.0528304 
23.791 13.1929 1.00317 0.00461062 
20.1606 8.18842 0.995272 -0.0145712 
14.717 11.8979 0.975129 -0.0258056 
18.8197 12.5966 1.015 -0.00753215 
15.1131 0.453721 0.989279 -0.0121438 
18.4097 1.09477 0.991182 -0.0612357 
27.4615 10.7666 0.994839 0.00302904 
27.6253 6.10142 1.05909 -0.0663569 
26.6709 9.77824 0.997498 -0.0219533 
26.6356 4.43134 0.925618 -0.0828046 
25.492 5.52705 0.975987 4.66022e-05 
16.8847 8.4574 0.994339 -0.100274 
20.6658 14.5402 1.00559 0.0107547 
24.8488 12.0017 1.00907 -0.0509796 
18.78 1.73668 0.987124 -0.0487467 
26.4814 9.07311 0.996308 0.00877045 
23.4948 3.03124 0.999775 0.0331108 
15.3978 14.5397 0.999858 -0.0172218 
19.5557 12.5777 1.003 -0.0210639 
14.3718 3.10393 0.967951 -0.0629556 
15.5602 9.18902 1.01397 -0.0483247 
21.9353 7.45227 0.98174 -0.0426918 
17.559 8.06373 0.987305 -0.0812983 
19.1779 13.2446 0.985229 -0.0357027 
14.8086 3.66235 0.993687 -0.0419503 
26.9695 1.12192 0.996694 -0.00190899 
14.3201 8.51352 0.996862 -0.076402 
15.3997 13.2689 0.991036 -0.0186706 
16.2266 7.3384 1.00953 -0.103952 
21.2092 7.27059 0.975474 -0.0528227 
15.1473 3.05046 0.977482 -0.0769588 
20.8576 10.6271 1.00072 -0.0271331 
21.1307 11.3055 1.00093 -0.0224516 
18.0499 13.892 1.00605 -0.0449878 
19.5439 13.8862 0.998355 -0.0148727 
24.9572 6.06035 0.981469 -0.0895785 
20.6248 1.15108 0.983783 -0.0674808 
14.87 6.57311 1.00554 -0.0178165 
27.5393 8.05638 0.981842 -0.000116622 
18.3945 2.35906 0.992931 -0.0116716 
20.0858 5.72826 0.995601 -0.0607895 
21.148 4.5532 0.975361 -0.0311015 
19.8373 2.43223 0.984902 -0.00996457 
19.4123 3.20381 1.01594 -0.00880392 
27.0675 3.83326 0.947757 -0.0643455 
23.8806 11.124 0.997336 -0.0245367 
25.8051 3.0155 1.12773 0.109475 
25.8542 1.77245 0.999818 0.0449387 
20.2909 13.8915 1.01139 0.01999 
17.6864 13.2608 1.00803 0.0242776 
24.1133 13.8824 1.00697 -0.0283079 
16.2263 8.0832 1.00675 -0.100646 
16.2073 1.08965 1.00139 -0.0341441 
14.3881 1.75656 0.995508 -0.0532538 
14.3301 7.64497 1.02986 -0.0528469 
14.1893 6.21384 1.00235 -0.0650232 
14.1826 6.95438 0.998025 -0.0736037 
14.0231 1.09634 1.00354 -0.0547083 