0.00 3360 9.807 0.174
0.50 3360 8.333 3.006
1.00 3359 8.463 3.060
1.50 3360 8.326 2.837
2.00 3360 8.207 2.720
2.50 3360 8.138 2.649
3.00 3360 8.142 2.578
3.50 3360 8.143 2.505
4.00 3360 8.106 2.438
4.50 3359 8.065 2.385
5.00 3360 8.051 2.335
5.50 3360 8.054 2.288
6.00 3360 8.051 2.252
6.50 3360 8.041 2.223
7.00 3360 8.035 2.197
7.50 3360 8.038 2.175
8.00 3359 8.044 2.159
8.50 3360 8.048 2.151
9.00 3360 8.050 2.150
9.50 3360 8.050 2.154
10.00 3360 8.049 2.159
10.50 3360 8.044 2.165
11.00 3360 8.035 2.165
11.50 3360 8.022 2.164
12.00 3360 8.008 2.159
12.50 3360 7.993 2.151
13.00 3360 7.978 2.143
13.50 3360 7.964 2.136
14.00 3360 7.952 2.127
14.50 3360 7.944 2.119
15.00 3360 7.941 2.117
15.50 3360 7.943 2.117
16.00 3360 7.951 2.124
16.50 3360 7.965 2.133
17.00 3360 7.982 2.141
17.50 3360 8.002 2.147
18.00 3360 8.024 2.149
18.50 3360 8.045 2.148
19.00 3360 8.065 2.147
19.50 3360 8.081 2.145
20.00 3360 8.093 2.139
0.00 0 0.000 0.000
