0.00 1680 3.810 0.112
0.50 1680 4.062 1.910
1.00 1680 3.641 2.816
1.50 1680 4.217 4.178
2.00 1680 4.261 4.000
2.50 1680 4.079 4.040
3.00 1680 4.052 3.638
3.50 1680 4.069 3.824
4.00 1680 3.879 4.061
4.50 1680 3.995 4.248
5.00 1680 4.035 4.195
5.50 1680 3.891 3.846
6.00 1680 3.825 3.921
6.50 1680 4.158 4.222
7.00 1680 4.136 4.017
7.50 1680 4.065 4.029
8.00 1680 4.114 4.113
8.50 1680 4.065 3.924
9.00 1680 3.907 3.878
9.50 1680 3.879 3.855
10.00 1680 3.984 3.982
10.50 1680 3.884 3.943
11.00 1680 3.947 3.931
11.50 1680 4.112 4.120
12.00 1680 4.076 4.055
12.50 1680 4.081 4.042
13.00 1680 4.071 4.052
13.50 1680 4.028 3.979
14.00 1680 3.918 3.851
14.50 1680 4.021 4.007
15.00 1680 3.969 3.911
15.50 1680 4.002 3.965
16.00 1680 4.024 4.004
16.50 1680 4.046 4.066
17.00 1680 4.074 4.008
17.50 1680 4.078 4.115
18.00 1680 4.028 4.041
18.50 1680 3.937 3.907
19.00 1679 3.862 3.787
19.50 1680 3.921 3.835
20.00 1680 3.912 3.828
0.00 0 0.000 0.000
