0.00 2940 6.267 0.092
0.50 2940 6.777 4.032
1.00 2940 7.047 3.142
1.50 2940 6.992 2.865
2.00 2940 6.931 2.616
2.50 2940 6.911 2.492
3.00 2940 6.939 2.394
3.50 2940 6.980 2.294
4.00 2940 7.003 2.218
4.50 2940 7.013 2.176
5.00 2940 7.024 2.152
5.50 2940 7.042 2.125
6.00 2940 7.061 2.093
6.50 2940 7.069 2.059
7.00 2940 7.067 2.040
7.50 2940 7.065 2.026
8.00 2940 7.070 2.014
8.50 2940 7.079 1.997
9.00 2940 7.089 1.989
9.50 2940 7.096 1.982
10.00 2940 7.103 1.978
10.50 2940 7.112 1.973
11.00 2940 7.122 1.970
11.50 2940 7.129 1.968
12.00 2940 7.132 1.962
12.50 2940 7.132 1.958
13.00 2940 7.132 1.956
13.50 2940 7.130 1.952
14.00 2940 7.127 1.948
14.50 2940 7.124 1.941
15.00 2940 7.121 1.934
15.50 2940 7.119 1.932
16.00 2940 7.119 1.932
16.50 2939 7.119 1.934
17.00 2940 7.118 1.935
17.50 2940 7.118 1.936
18.00 2940 7.115 1.938
18.50 2940 7.108 1.941
19.00 2940 7.098 1.944
19.50 2940 7.084 1.946
20.00 2940 7.067 1.943
0.00 0 0.000 0.000
