0.00 2520 7.041 -0.223
0.50 2520 6.032 3.021
1.00 2520 6.345 3.027
1.50 2520 6.315 2.713
2.00 2520 6.233 2.524
2.50 2520 6.197 2.479
3.00 2520 6.131 2.407
3.50 2520 6.142 2.339
4.00 2520 6.148 2.287
4.50 2520 6.141 2.244
5.00 2520 6.119 2.228
5.50 2520 6.098 2.216
6.00 2520 6.091 2.200
6.50 2520 6.089 2.189
7.00 2520 6.081 2.177
7.50 2520 6.064 2.177
8.00 2520 6.045 2.186
8.50 2520 6.031 2.189
9.00 2520 6.027 2.183
9.50 2520 6.029 2.184
10.00 2520 6.029 2.172
10.50 2520 6.026 2.163
11.00 2520 6.023 2.164
11.50 2520 6.024 2.167
12.00 2520 6.028 2.174
12.50 2520 6.033 2.173
13.00 2520 6.034 2.178
13.50 2519 6.031 2.186
14.00 2520 6.028 2.189
14.50 2520 6.027 2.187
15.00 2520 6.029 2.192
15.50 2520 6.033 2.190
16.00 2520 6.040 2.187
16.50 2520 6.045 2.165
17.00 2520 6.053 2.139
17.50 2520 6.064 2.123
18.00 2520 6.074 2.109
18.50 2520 6.082 2.105
19.00 2520 6.086 2.098
19.50 2520 6.088 2.091
20.00 2520 6.085 2.094
0.00 0 0.000 0.000
