0.00 1260 3.131 0.080
0.50 1259 3.328 2.373
1.00 1259 2.794 2.652
1.50 1260 2.938 2.998
2.00 1260 3.113 2.778
2.50 1260 3.073 3.344
3.00 1260 3.154 3.339
3.50 1260 3.094 3.304
4.00 1260 3.049 2.860
4.50 1260 3.140 3.034
5.00 1260 3.147 3.065
5.50 1260 3.007 2.868
6.00 1260 3.101 2.992
6.50 1260 3.032 2.959
7.00 1260 3.041 2.963
7.50 1260 3.023 3.038
8.00 1260 2.980 2.957
8.50 1260 3.021 3.006
9.00 1260 3.067 2.963
9.50 1260 3.095 3.045
10.00 1260 3.066 3.015
10.50 1260 3.049 2.964
11.00 1260 3.042 3.053
11.50 1260 3.083 3.084
12.00 1260 3.063 3.012
12.50 1260 3.047 3.016
13.00 1260 3.069 3.044
13.50 1260 3.115 3.138
14.00 1260 3.081 3.104
14.50 1260 3.040 3.045
15.00 1260 3.024 3.032
15.50 1260 3.017 2.995
16.00 1260 3.086 3.043
16.50 1260 3.095 3.046
17.00 1260 3.071 3.043
17.50 1260 3.073 3.078
18.00 1260 3.066 3.067
18.50 1260 3.048 3.046
19.00 1260 3.011 3.007
19.50 1260 2.979 2.985
20.00 1260 2.976 2.964
0.00 0 0.000 0.000
