0.00 840 1.837 -0.037
0.50 840 2.402 1.172
1.00 840 2.020 1.580
1.50 840 2.039 1.625
2.00 840 2.232 2.554
2.50 840 1.814 1.763
3.00 840 1.726 1.600
3.50 840 2.066 1.869
4.00 840 2.300 2.276
4.50 840 2.211 2.069
5.00 840 2.180 2.226
5.50 840 2.182 2.179
6.00 840 2.045 1.959
6.50 840 2.042 2.052
7.00 840 2.057 2.178
7.50 839 2.114 2.174
8.00 840 2.092 2.116
8.50 840 2.126 2.075
9.00 840 2.058 2.052
9.50 840 2.052 2.095
10.00 840 2.012 2.044
10.50 840 2.014 2.054
11.00 840 1.993 2.030
11.50 840 1.987 2.025
12.00 840 1.967 2.025
12.50 840 1.960 2.005
13.00 840 1.976 1.992
13.50 840 2.010 2.019
14.00 840 2.040 2.061
14.50 840 2.058 2.064
15.00 840 2.061 2.055
15.50 840 2.035 2.029
16.00 839 1.992 1.981
16.50 840 1.987 1.999
17.00 840 1.987 2.000
17.50 840 1.967 1.974
18.00 840 1.989 2.004
18.50 840 2.012 2.031
19.00 840 2.013 2.031
19.50 840 2.011 2.033
20.00 840 2.028 2.038
0.00 0 0.000 0.000
