0.00 2100 4.844 0.033
0.50 2100 4.918 3.631
1.00 2100 5.174 3.383
1.50 2100 5.138 3.046
2.00 2100 5.121 2.781
2.50 2100 5.066 2.688
3.00 2100 5.074 2.764
3.50 2100 5.018 2.917
4.00 2100 4.977 2.669
4.50 2100 5.017 2.582
5.00 2100 5.016 2.491
5.50 2100 5.030 2.344
6.00 2100 5.013 2.423
6.50 2100 5.010 2.565
7.00 2100 5.052 2.564
7.50 2100 5.100 2.604
8.00 2100 5.147 2.579
8.50 2100 5.183 2.471
9.00 2100 5.183 2.399
9.50 2100 5.155 2.463
10.00 2100 5.118 2.659
10.50 2100 5.103 2.772
11.00 2100 5.071 2.837
11.50 2100 5.069 2.894
12.00 2099 5.070 2.621
12.50 2100 5.022 2.646
13.00 2100 4.997 2.476
13.50 2100 4.942 2.526
14.00 2100 4.931 2.575
14.50 2100 4.947 2.638
15.00 2100 4.978 2.600
15.50 2100 5.024 2.606
16.00 2100 5.061 2.691
16.50 2100 5.080 2.964
17.00 2100 5.055 3.115
17.50 2100 5.035 3.218
18.00 2100 5.001 3.337
18.50 2099 5.009 3.233
19.00 2100 5.007 3.238
19.50 2100 4.999 3.055
20.00 2100 4.991 3.196
0.00 0 0.000 0.000
