0.00 420 1.080 -0.019
0.50 420 1.106 0.783
1.00 420 1.285 1.139
1.50 420 1.050 0.663
2.00 420 1.215 0.866
2.50 420 1.148 1.012
3.00 420 0.922 0.843
3.50 420 0.658 0.598
4.00 420 0.565 0.555
4.50 420 0.685 0.688
5.00 420 0.567 0.561
5.50 420 0.637 0.641
6.00 420 0.780 0.781
6.50 420 0.786 0.779
7.00 420 0.877 0.859
7.50 420 0.986 0.951
8.00 420 1.094 1.062
8.50 420 1.071 1.030
9.00 420 1.018 0.996
9.50 420 0.971 0.965
10.00 420 0.948 0.944
10.50 420 0.883 0.879
11.00 420 0.825 0.821
11.50 420 0.804 0.801
12.00 420 0.827 0.827
12.50 420 0.875 0.875
13.00 420 0.931 0.922
13.50 420 0.952 0.942
14.00 420 0.906 0.898
14.50 420 0.830 0.825
15.00 420 0.796 0.792
15.50 420 0.803 0.799
16.00 420 0.779 0.780
16.50 420 0.674 0.673
17.00 420 0.590 0.591
17.50 420 0.672 0.689
18.00 420 0.882 0.905
18.50 420 1.063 1.074
19.00 420 1.177 1.177
19.50 420 1.231 1.231
20.00 420 1.254 1.245
0.00 0 0.000 0.000
