0.00 3780 7.614 0.150
0.50 3780 8.721 3.194
1.00 3780 9.081 3.453
1.50 3780 9.025 3.211
2.00 3780 8.941 3.000
2.50 3780 8.942 2.871
3.00 3780 9.005 2.781
3.50 3780 9.034 2.710
4.00 3780 9.021 2.643
4.50 3780 9.016 2.589
5.00 3780 9.039 2.542
5.50 3780 9.060 2.503
6.00 3780 9.063 2.470
6.50 3780 9.060 2.442
7.00 3780 9.066 2.420
7.50 3780 9.076 2.399
8.00 3780 9.080 2.383
8.50 3780 9.079 2.367
9.00 3780 9.079 2.352
9.50 3780 9.080 2.339
10.00 3780 9.080 2.327
10.50 3780 9.078 2.315
11.00 3780 9.075 2.303
11.50 3780 9.072 2.293
12.00 3780 9.069 2.285
12.50 3780 9.066 2.278
13.00 3780 9.062 2.272
13.50 3780 9.058 2.267
14.00 3780 9.054 2.262
14.50 3780 9.049 2.253
15.00 3780 9.043 2.240
15.50 3780 9.037 2.225
16.00 3780 9.031 2.213
16.50 3780 9.025 2.199
17.00 3780 9.021 2.188
17.50 3780 9.019 2.178
18.00 3780 9.018 2.170
18.50 3780 9.018 2.166
19.00 3780 9.020 2.163
19.50 3780 9.023 2.159
20.00 3780 9.027 2.158
0.00 0 0.000 0.000
