0.00 3696 7.029 -0.042
0.50 3696 6.391 3.734
1.00 3696 5.777 3.938
1.50 3696 6.060 4.180
2.00 3696 6.108 4.173
2.50 3696 6.026 4.024
3.00 3696 6.026 3.919
3.50 3696 6.081 3.898
4.00 3696 6.068 3.844
4.50 3696 6.021 3.783
5.00 3696 6.020 3.736
5.50 3696 6.052 3.711
6.00 3696 6.077 3.689
6.50 3696 6.100 3.656
7.00 3696 6.120 3.621
7.50 3696 6.122 3.585
8.00 3696 6.110 3.553
8.50 3696 6.098 3.530
9.00 3696 6.098 3.512
9.50 3696 6.108 3.511
10.00 3696 6.119 3.518
10.50 3696 6.127 3.515
11.00 3696 6.129 3.512
11.50 3696 6.123 3.508
12.00 3696 6.112 3.497
12.50 3695 6.098 3.482
13.00 3696 6.081 3.473
13.50 3696 6.063 3.461
14.00 3696 6.052 3.447
14.50 3696 6.046 3.441
15.00 3696 6.045 3.441
15.50 3696 6.047 3.427
16.00 3696 6.053 3.418
16.50 3696 6.056 3.410
17.00 3696 6.060 3.414
17.50 3696 6.065 3.417
18.00 3696 6.068 3.429
18.50 3696 6.071 3.436
19.00 3696 6.076 3.445
19.50 3696 6.080 3.457
20.00 3696 6.081 3.464
0.00 0 0.000 0.000
