0.00 4312 8.208 0.165
0.50 4312 7.608 4.365
1.00 4312 7.025 4.518
1.50 4311 7.130 4.308
2.00 4312 7.025 4.266
2.50 4312 6.931 4.091
3.00 4312 6.962 3.994
3.50 4312 6.992 3.926
4.00 4312 6.988 3.859
4.50 4312 6.988 3.801
5.00 4312 6.992 3.764
5.50 4312 6.992 3.727
6.00 4311 6.992 3.690
6.50 4312 6.995 3.653
7.00 4312 6.996 3.618
7.50 4312 6.996 3.590
8.00 4312 6.997 3.572
8.50 4312 7.000 3.558
9.00 4312 7.003 3.550
9.50 4312 7.004 3.542
10.00 4312 7.002 3.532
10.50 4312 6.999 3.525
11.00 4312 7.000 3.521
11.50 4312 7.010 3.527
12.00 4311 7.027 3.536
12.50 4312 7.052 3.547
13.00 4312 7.080 3.562
13.50 4312 7.107 3.577
14.00 4312 7.125 3.592
14.50 4312 7.134 3.600
15.00 4312 7.130 3.599
15.50 4312 7.119 3.594
16.00 4312 7.103 3.585
16.50 4312 7.092 3.581
17.00 4312 7.087 3.578
17.50 4312 7.089 3.574
18.00 4312 7.096 3.572
18.50 4311 7.103 3.569
19.00 4312 7.101 3.563
19.50 4312 7.089 3.552
20.00 4312 7.065 3.536
0.00 0 0.000 0.000
