0.00 616 1.108 -0.079
0.50 616 1.077 0.311
1.00 616 1.235 0.807
1.50 616 1.211 0.937
2.00 616 1.539 1.711
2.50 615 1.551 1.525
3.00 616 1.412 1.328
3.50 616 1.287 1.239
4.00 616 1.087 1.085
4.50 616 0.889 0.887
5.00 616 0.779 0.786
5.50 615 0.798 0.825
6.00 616 0.869 0.887
6.50 616 0.948 0.926
7.00 616 1.174 1.161
7.50 616 1.277 1.267
8.00 616 1.264 1.238
8.50 616 1.362 1.330
9.00 616 1.379 1.356
9.50 616 1.364 1.363
10.00 616 1.371 1.363
10.50 616 1.345 1.333
11.00 616 1.298 1.272
11.50 615 1.233 1.196
12.00 616 1.194 1.172
12.50 616 1.189 1.182
13.00 616 1.155 1.145
13.50 616 1.090 1.091
14.00 616 1.015 1.013
14.50 616 0.998 0.999
15.00 616 1.016 1.021
15.50 616 1.022 1.024
16.00 616 1.006 1.000
16.50 616 0.986 0.984
17.00 616 0.980 0.992
17.50 616 0.953 0.960
18.00 616 0.936 0.934
18.50 616 0.938 0.932
19.00 616 0.939 0.937
19.50 616 0.956 0.956
20.00 616 0.947 0.948
0.00 0 0.000 0.000
