0.00 6160 11.629 -0.192
0.50 6160 9.926 5.932
1.00 6160 9.913 5.977
1.50 6160 10.057 5.975
2.00 6160 9.910 5.593
2.50 6160 9.926 5.387
3.00 6160 9.937 5.234
3.50 6160 9.928 5.090
4.00 6160 9.941 4.985
4.50 6160 9.961 4.904
5.00 6160 9.985 4.835
5.50 6160 10.010 4.776
6.00 6160 10.032 4.722
6.50 6160 10.050 4.671
7.00 6160 10.065 4.626
7.50 6160 10.077 4.591
8.00 6160 10.087 4.562
8.50 6160 10.096 4.538
9.00 6160 10.102 4.517
9.50 6160 10.104 4.497
10.00 6160 10.103 4.480
10.50 6160 10.101 4.464
11.00 6160 10.098 4.450
11.50 6160 10.096 4.441
12.00 6160 10.096 4.435
12.50 6160 10.097 4.429
13.00 6160 10.098 4.425
13.50 6160 10.097 4.422
14.00 6160 10.092 4.421
14.50 6160 10.084 4.419
15.00 6160 10.072 4.416
15.50 6160 10.058 4.411
16.00 6160 10.045 4.409
16.50 6160 10.036 4.405
17.00 6160 10.032 4.402
17.50 6160 10.033 4.403
18.00 6160 10.038 4.408
18.50 6160 10.046 4.419
19.00 6160 10.056 4.431
19.50 6160 10.067 4.446
20.00 6160 10.078 4.464
0.00 0 0.000 0.000
