0.00 1232 2.511 0.059
0.50 1232 1.885 2.362
1.00 1232 1.752 1.383
1.50 1232 1.726 1.450
2.00 1232 2.039 2.302
2.50 1232 2.073 2.051
3.00 1232 2.158 2.377
3.50 1232 2.000 2.034
4.00 1232 2.056 1.916
4.50 1232 2.090 1.901
5.00 1232 2.069 2.031
5.50 1232 2.092 2.094
6.00 1232 1.992 1.937
6.50 1232 2.062 2.007
7.00 1232 2.083 2.073
7.50 1232 2.027 1.995
8.00 1232 2.005 2.048
8.50 1232 2.021 2.053
9.00 1232 2.024 2.065
9.50 1232 2.073 2.138
10.00 1232 2.070 2.075
10.50 1232 2.128 2.109
11.00 1232 2.117 2.080
11.50 1232 2.080 2.075
12.00 1232 2.074 2.104
12.50 1232 2.090 2.091
13.00 1232 2.083 2.069
13.50 1232 2.057 2.060
14.00 1232 2.023 2.039
14.50 1232 2.014 2.026
15.00 1232 2.001 1.978
15.50 1232 1.996 1.961
16.00 1232 1.972 1.948
16.50 1232 1.918 1.900
17.00 1232 1.897 1.876
17.50 1232 1.907 1.859
18.00 1232 1.949 1.893
18.50 1232 1.974 1.911
19.00 1232 1.991 1.948
19.50 1232 1.995 1.981
20.00 1232 2.005 2.005
0.00 0 0.000 0.000
