0.00 5544 10.473 0.006
0.50 5544 9.224 4.759
1.00 5544 9.068 5.434
1.50 5544 9.211 5.311
2.00 5544 9.109 5.078
2.50 5544 9.097 4.919
3.00 5544 9.105 4.821
3.50 5544 9.087 4.735
4.00 5544 9.078 4.660
4.50 5544 9.074 4.601
5.00 5543 9.073 4.548
5.50 5544 9.079 4.501
6.00 5544 9.091 4.456
6.50 5543 9.106 4.418
7.00 5544 9.118 4.385
7.50 5544 9.127 4.356
8.00 5543 9.132 4.325
8.50 5544 9.132 4.292
9.00 5544 9.128 4.260
9.50 5544 9.121 4.230
10.00 5544 9.114 4.205
10.50 5544 9.109 4.186
11.00 5544 9.107 4.165
11.50 5544 9.107 4.147
12.00 5544 9.106 4.131
12.50 5544 9.102 4.119
13.00 5544 9.095 4.105
13.50 5544 9.084 4.093
14.00 5544 9.071 4.081
14.50 5544 9.057 4.075
15.00 5544 9.044 4.071
15.50 5544 9.035 4.068
16.00 5544 9.029 4.072
16.50 5544 9.029 4.082
17.00 5544 9.033 4.096
17.50 5544 9.041 4.111
18.00 5544 9.053 4.127
18.50 5544 9.066 4.142
19.00 5544 9.079 4.156
19.50 5544 9.091 4.168
20.00 5544 9.100 4.174
0.00 0 0.000 0.000
