0.00 3080 4.933 -0.027
0.50 3080 5.102 2.981
1.00 3080 4.662 4.039
1.50 3080 4.657 4.583
2.00 3080 5.023 4.031
2.50 3080 5.024 3.954
3.00 3079 4.913 3.929
3.50 3080 4.788 3.671
4.00 3080 4.912 3.737
4.50 3080 4.976 3.718
5.00 3079 4.991 3.681
5.50 3080 4.972 3.736
6.00 3080 5.021 3.847
6.50 3080 5.120 3.873
7.00 3080 5.184 3.734
7.50 3080 5.140 3.696
8.00 3080 5.064 3.617
8.50 3080 5.029 3.626
9.00 3080 5.043 3.586
9.50 3080 5.046 3.604
10.00 3080 5.031 3.631
10.50 3080 5.026 3.654
11.00 3080 5.073 3.684
11.50 3080 5.089 3.700
12.00 3080 5.095 3.688
12.50 3080 5.068 3.675
13.00 3080 5.046 3.658
13.50 3080 5.062 3.661
14.00 3080 5.075 3.698
14.50 3080 5.062 3.748
15.00 3079 5.024 3.675
15.50 3080 4.980 3.730
16.00 3080 4.965 3.701
16.50 3080 4.967 3.673
17.00 3080 4.982 3.706
17.50 3080 4.979 3.736
18.00 3080 4.987 3.767
18.50 3080 4.988 3.812
19.00 3080 5.029 3.822
19.50 3080 5.014 3.838
20.00 3080 5.016 3.850
0.00 0 0.000 0.000
