0.00 2464 3.607 -0.079
0.50 2464 4.228 2.867
1.00 2464 4.129 3.375
1.50 2464 3.641 3.391
2.00 2464 3.863 3.601
2.50 2464 4.270 4.300
3.00 2464 4.052 4.023
3.50 2464 4.206 4.356
4.00 2464 4.095 4.312
4.50 2464 3.962 4.158
5.00 2464 3.773 3.902
5.50 2464 3.855 4.087
6.00 2463 4.034 3.978
6.50 2464 4.153 4.166
7.00 2464 4.167 4.303
7.50 2464 4.137 3.862
8.00 2464 3.973 3.690
8.50 2464 3.862 3.709
9.00 2464 3.813 3.708
9.50 2464 4.004 4.166
10.00 2464 4.081 4.397
10.50 2464 4.111 4.059
11.00 2464 4.029 4.026
11.50 2464 3.917 3.956
12.00 2464 3.838 3.734
12.50 2464 3.893 3.842
13.00 2464 3.968 3.935
13.50 2464 4.068 4.090
14.00 2464 4.076 4.114
14.50 2464 4.026 4.045
15.00 2464 3.983 3.949
15.50 2464 3.924 3.934
16.00 2464 3.975 4.045
16.50 2464 4.020 4.092
17.00 2464 4.135 4.148
17.50 2464 4.136 4.153
18.00 2464 4.092 4.141
18.50 2464 4.015 4.090
19.00 2464 3.943 3.958
19.50 2464 3.974 3.870
20.00 2464 4.014 3.913
0.00 0 0.000 0.000
