0.00 1848 3.018 0.148
0.50 1848 2.865 3.022
1.00 1848 2.932 2.451
1.50 1847 3.197 3.290
2.00 1848 3.002 3.011
2.50 1848 3.037 2.882
3.00 1848 3.080 3.121
3.50 1848 3.092 3.082
4.00 1848 2.939 2.670
4.50 1848 2.991 2.764
5.00 1848 3.020 3.018
5.50 1848 3.084 3.127
6.00 1848 3.084 3.067
6.50 1848 3.044 2.996
7.00 1848 2.989 2.988
7.50 1848 2.974 2.954
8.00 1848 2.983 3.033
8.50 1848 3.025 3.044
9.00 1848 3.006 3.091
9.50 1847 3.022 3.015
10.00 1848 3.043 3.077
10.50 1848 3.034 3.008
11.00 1848 3.061 2.986
11.50 1847 3.074 3.005
12.00 1848 3.040 3.045
12.50 1848 3.000 2.964
13.00 1848 3.013 3.009
13.50 1847 3.054 3.083
14.00 1848 3.038 3.058
14.50 1848 3.055 3.042
15.00 1848 3.059 3.064
15.50 1848 3.050 3.099
16.00 1848 3.081 3.088
16.50 1848 3.053 3.060
17.00 1848 3.053 3.071
17.50 1848 3.041 3.029
18.00 1848 3.069 3.026
18.50 1848 3.104 3.109
19.00 1848 3.088 3.140
19.50 1848 3.074 3.082
20.00 1848 3.039 3.045
0.00 0 0.000 0.000
