0.00 4928 8.161 0.181
0.50 4928 8.167 4.270
1.00 4928 7.904 5.151
1.50 4928 8.092 5.006
2.00 4928 8.014 4.735
2.50 4928 7.980 4.544
3.00 4928 8.013 4.439
3.50 4928 8.037 4.362
4.00 4928 8.070 4.295
4.50 4928 8.107 4.238
5.00 4928 8.128 4.179
5.50 4928 8.133 4.122
6.00 4928 8.128 4.064
6.50 4928 8.119 4.012
7.00 4928 8.113 3.971
7.50 4928 8.113 3.934
8.00 4928 8.114 3.905
8.50 4928 8.111 3.877
9.00 4928 8.100 3.850
9.50 4928 8.081 3.824
10.00 4928 8.056 3.799
10.50 4928 8.031 3.774
11.00 4928 8.013 3.756
11.50 4928 8.005 3.743
12.00 4928 8.005 3.737
12.50 4927 8.011 3.735
13.00 4928 8.019 3.735
13.50 4928 8.024 3.734
14.00 4928 8.028 3.732
14.50 4928 8.028 3.728
15.00 4928 8.024 3.720
15.50 4928 8.017 3.713
16.00 4928 8.010 3.703
16.50 4928 8.002 3.696
17.00 4928 7.997 3.693
17.50 4928 7.994 3.693
18.00 4928 7.994 3.697
18.50 4928 7.999 3.705
19.00 4928 8.010 3.719
19.50 4928 8.025 3.736
20.00 4928 8.042 3.754
0.00 0 0.000 0.000
