0.00 980 5.910 0.047
0.50 980 4.962 0.727
1.00 980 4.840 1.146
1.50 980 4.956 1.163
2.00 980 5.049 1.181
2.50 979 4.985 1.052
3.00 980 4.950 1.143
3.50 980 4.958 1.303
4.00 980 4.953 1.301
4.50 980 4.932 1.290
5.00 980 4.919 1.344
5.50 980 4.921 1.374
6.00 980 4.914 1.352
6.50 980 4.911 1.358
7.00 980 4.901 1.285
7.50 980 4.890 1.267
8.00 980 4.889 1.267
8.50 980 4.888 1.308
9.00 980 4.882 1.243
9.50 980 4.887 1.204
10.00 980 4.897 1.208
10.50 980 4.890 1.252
11.00 980 4.896 1.235
11.50 980 4.891 1.236
12.00 980 4.899 1.284
12.50 980 4.903 1.279
13.00 980 4.914 1.305
13.50 980 4.942 1.342
14.00 980 4.967 1.399
14.50 980 4.991 1.407
15.00 980 5.017 1.440
15.50 980 5.039 1.391
16.00 980 5.062 1.402
16.50 980 5.087 1.426
17.00 980 5.104 1.368
17.50 980 5.118 1.366
18.00 980 5.121 1.374
18.50 980 5.123 1.372
19.00 980 5.118 1.433
19.50 980 5.122 1.352
20.00 980 5.108 1.451
0.00 0 0.000 0.000
