0.00 1764 9.059 0.023
0.50 1764 9.315 1.606
1.00 1764 9.286 1.211
1.50 1764 9.252 1.089
2.00 1764 9.211 0.979
2.50 1764 9.178 0.918
3.00 1764 9.152 0.859
3.50 1764 9.132 0.821
4.00 1764 9.117 0.789
4.50 1764 9.106 0.766
5.00 1764 9.096 0.746
5.50 1764 9.089 0.730
6.00 1764 9.082 0.717
6.50 1764 9.077 0.707
7.00 1764 9.072 0.699
7.50 1764 9.068 0.692
8.00 1764 9.064 0.686
8.50 1764 9.060 0.681
9.00 1764 9.057 0.677
9.50 1764 9.054 0.674
10.00 1764 9.051 0.671
10.50 1764 9.048 0.668
11.00 1764 9.046 0.664
11.50 1764 9.044 0.660
12.00 1764 9.043 0.657
12.50 1764 9.042 0.652
13.00 1764 9.041 0.648
13.50 1764 9.041 0.643
14.00 1764 9.041 0.638
14.50 1764 9.041 0.634
15.00 1764 9.041 0.629
15.50 1764 9.042 0.623
16.00 1764 9.042 0.619
16.50 1764 9.042 0.615
17.00 1764 9.042 0.611
17.50 1764 9.041 0.608
18.00 1764 9.041 0.605
18.50 1764 9.040 0.602
19.00 1764 9.040 0.599
19.50 1764 9.039 0.597
20.00 1764 9.038 0.595
0.00 0 0.000 0.000
