0.00 784 3.763 0.067
0.50 784 3.922 3.350
1.00 784 4.516 2.486
1.50 784 4.401 1.774
2.00 784 4.215 3.260
2.50 784 4.182 3.243
3.00 784 4.184 3.768
3.50 784 4.093 4.078
4.00 784 4.083 3.828
4.50 784 4.115 4.334
5.00 784 4.042 4.064
5.50 784 4.071 4.341
6.00 784 4.051 3.904
6.50 784 4.103 4.224
7.00 784 4.053 3.940
7.50 784 4.111 4.128
8.00 784 4.062 4.057
8.50 784 4.120 4.051
9.00 784 4.060 4.065
9.50 784 4.117 4.152
10.00 784 4.055 4.046
10.50 784 4.094 4.112
11.00 784 4.040 4.009
11.50 784 4.108 3.947
12.00 784 4.040 4.194
12.50 783 4.103 4.138
13.00 784 4.040 4.042
13.50 784 4.083 3.999
14.00 784 4.034 4.095
14.50 784 4.075 4.085
15.00 784 4.032 4.061
15.50 784 4.060 4.051
16.00 784 4.045 4.011
16.50 784 4.062 4.130
17.00 784 4.066 4.100
17.50 784 4.069 4.076
18.00 783 4.082 4.017
18.50 784 4.061 4.076
19.00 784 4.086 4.087
19.50 784 4.059 4.093
20.00 784 4.071 4.035
0.00 0 0.000 0.000
