0.00 1372 7.886 0.013
0.50 1372 7.340 1.991
1.00 1372 7.211 1.160
1.50 1372 7.176 1.107
2.00 1372 7.140 0.964
2.50 1372 7.098 0.918
3.00 1372 7.071 0.866
3.50 1372 7.042 0.810
4.00 1372 7.024 0.777
4.50 1372 7.012 0.743
5.00 1372 7.005 0.727
5.50 1372 7.004 0.707
6.00 1372 7.005 0.689
6.50 1372 7.009 0.675
7.00 1372 7.014 0.661
7.50 1372 7.021 0.651
8.00 1372 7.028 0.642
8.50 1372 7.035 0.635
9.00 1372 7.042 0.631
9.50 1372 7.049 0.628
10.00 1372 7.055 0.626
10.50 1372 7.061 0.622
11.00 1372 7.066 0.617
11.50 1371 7.069 0.613
12.00 1372 7.071 0.608
12.50 1372 7.072 0.604
13.00 1372 7.071 0.600
13.50 1372 7.070 0.597
14.00 1372 7.068 0.594
14.50 1372 7.066 0.592
15.00 1372 7.063 0.591
15.50 1372 7.060 0.590
16.00 1372 7.056 0.590
16.50 1372 7.053 0.590
17.00 1372 7.050 0.590
17.50 1372 7.047 0.591
18.00 1372 7.044 0.592
18.50 1372 7.041 0.593
19.00 1372 7.039 0.595
19.50 1372 7.037 0.597
20.00 1372 7.035 0.599
0.00 0 0.000 0.000
