0.00 1176 7.343 -0.024
0.50 1176 6.455 1.036
1.00 1176 6.323 0.552
1.50 1176 6.288 0.721
2.00 1176 6.274 0.705
2.50 1176 6.261 0.695
3.00 1176 6.262 0.709
3.50 1176 6.257 0.733
4.00 1176 6.254 0.744
4.50 1176 6.250 0.755
5.00 1176 6.242 0.775
5.50 1176 6.236 0.777
6.00 1176 6.230 0.775
6.50 1176 6.222 0.768
7.00 1176 6.216 0.760
7.50 1176 6.209 0.760
8.00 1176 6.202 0.757
8.50 1176 6.195 0.755
9.00 1176 6.188 0.754
9.50 1176 6.182 0.753
10.00 1176 6.175 0.751
10.50 1176 6.169 0.751
11.00 1176 6.163 0.748
11.50 1176 6.158 0.747
12.00 1176 6.154 0.744
12.50 1176 6.149 0.744
13.00 1176 6.146 0.743
13.50 1176 6.144 0.743
14.00 1176 6.143 0.744
14.50 1176 6.143 0.745
15.00 1176 6.142 0.749
15.50 1176 6.142 0.753
16.00 1176 6.141 0.759
16.50 1176 6.141 0.765
17.00 1176 6.140 0.769
17.50 1176 6.140 0.777
18.00 1176 6.139 0.784
18.50 1176 6.138 0.792
19.00 1176 6.138 0.796
19.50 1176 6.138 0.801
20.00 1176 6.138 0.806
0.00 0 0.000 0.000
