0.00 196 1.649 -0.027
0.50 196 1.016 0.218
1.00 196 1.204 0.917
1.50 196 1.490 1.231
2.00 196 1.327 1.246
2.50 196 1.199 1.098
3.00 196 1.398 1.345
3.50 196 1.519 1.499
4.00 196 1.426 1.342
4.50 196 1.352 1.313
5.00 196 1.321 1.391
5.50 196 1.382 1.450
6.00 196 1.433 1.496
6.50 196 1.329 1.280
7.00 196 1.216 1.181
7.50 196 1.085 1.033
8.00 196 0.885 0.824
8.50 196 0.706 0.684
9.00 196 0.634 0.645
9.50 196 0.688 0.695
10.00 196 0.851 0.837
10.50 196 0.998 0.992
11.00 196 1.040 1.014
11.50 196 1.030 1.020
12.00 196 0.971 0.968
12.50 196 0.916 0.905
13.00 196 0.888 0.878
13.50 196 0.883 0.869
14.00 196 0.921 0.916
14.50 196 0.978 0.984
15.00 196 1.008 1.022
15.50 196 1.010 1.018
16.00 196 1.058 1.068
16.50 196 1.174 1.186
17.00 196 1.252 1.244
17.50 196 1.281 1.271
18.00 196 1.264 1.257
18.50 196 1.220 1.216
19.00 196 1.179 1.192
19.50 196 1.123 1.129
20.00 196 1.116 1.121
0.00 0 0.000 0.000
