0.00 392 2.526 -0.049
0.50 392 1.928 0.838
1.00 392 2.138 1.753
1.50 392 2.179 2.335
2.00 392 2.080 2.368
2.50 392 2.088 2.178
3.00 392 1.994 2.080
3.50 392 2.051 2.238
4.00 392 2.183 2.138
4.50 392 2.055 1.986
5.00 392 2.033 2.053
5.50 392 2.069 2.062
6.00 392 2.062 1.951
6.50 392 2.064 1.967
7.00 392 2.130 2.150
7.50 392 2.065 2.039
8.00 392 2.025 1.984
8.50 392 2.019 2.005
9.00 392 2.023 2.012
9.50 392 2.103 2.083
10.00 392 2.126 2.079
10.50 392 2.119 2.095
11.00 392 2.180 2.194
11.50 392 2.190 2.196
12.00 392 2.174 2.163
12.50 392 2.177 2.164
13.00 392 2.164 2.144
13.50 392 2.121 2.101
14.00 392 2.136 2.135
14.50 392 2.103 2.117
15.00 392 2.066 2.066
15.50 392 2.077 2.076
16.00 392 2.083 2.076
16.50 392 2.069 2.058
17.00 392 2.062 2.059
17.50 392 2.063 2.084
18.00 392 2.055 2.067
18.50 392 2.051 2.062
19.00 392 2.051 2.065
19.50 392 2.064 2.077
20.00 392 2.067 2.078
0.00 0 0.000 0.000
