0.00 1568 8.817 -0.086
0.50 1568 8.144 1.134
1.00 1568 8.087 0.987
1.50 1568 8.089 0.938
2.00 1568 8.080 0.886
2.50 1568 8.069 0.837
3.00 1568 8.059 0.811
3.50 1568 8.050 0.789
4.00 1568 8.044 0.773
4.50 1568 8.039 0.757
5.00 1568 8.036 0.742
5.50 1568 8.035 0.728
6.00 1568 8.034 0.716
6.50 1568 8.035 0.707
7.00 1568 8.037 0.698
7.50 1568 8.039 0.689
8.00 1568 8.042 0.682
8.50 1568 8.046 0.675
9.00 1568 8.050 0.667
9.50 1568 8.054 0.661
10.00 1568 8.058 0.654
10.50 1568 8.061 0.648
11.00 1568 8.064 0.640
11.50 1568 8.067 0.633
12.00 1568 8.069 0.625
12.50 1568 8.071 0.617
13.00 1568 8.072 0.610
13.50 1568 8.074 0.603
14.00 1568 8.075 0.598
14.50 1568 8.076 0.594
15.00 1568 8.078 0.591
15.50 1568 8.079 0.588
16.00 1568 8.081 0.586
16.50 1568 8.083 0.585
17.00 1568 8.084 0.585
17.50 1568 8.086 0.584
18.00 1568 8.087 0.583
18.50 1568 8.088 0.582
19.00 1568 8.089 0.582
19.50 1568 8.089 0.580
20.00 1568 8.090 0.579
0.00 0 0.000 0.000
