0.00 588 2.824 -0.198
0.50 588 2.727 4.461
1.00 588 2.792 2.888
1.50 588 2.980 3.082
2.00 588 2.903 2.894
2.50 588 2.947 3.266
3.00 588 3.151 2.954
3.50 588 3.100 2.783
4.00 588 3.095 3.528
4.50 588 3.178 3.109
5.00 588 3.093 3.246
5.50 588 2.985 2.959
6.00 588 3.155 3.095
6.50 588 3.086 3.133
7.00 588 3.060 3.154
7.50 587 3.162 3.191
8.00 588 3.118 3.056
8.50 588 3.075 3.060
9.00 588 3.103 2.979
9.50 588 3.114 3.204
10.00 588 3.049 3.024
10.50 588 3.019 3.017
11.00 588 3.003 2.958
11.50 588 3.000 2.995
12.00 588 3.066 3.104
12.50 588 3.054 3.067
13.00 588 3.048 2.971
13.50 588 3.070 3.058
14.00 587 3.036 3.006
14.50 588 3.045 3.063
15.00 588 3.081 3.099
15.50 588 3.042 3.002
16.00 588 3.064 3.027
16.50 587 3.097 3.115
17.00 588 3.049 3.074
17.50 588 3.079 3.104
18.00 588 3.096 3.104
18.50 588 3.048 3.015
19.00 588 3.079 3.062
19.50 588 3.086 3.088
20.00 588 3.043 3.041
0.00 0 0.000 0.000
